Classifying record: [0.52, 0.675, 1.0]
Comparative distances: 
  1.037123425634 | [0.3, 0.84, 3.0]
  0.177781466975 | [0.53, 0.8525, 1.0]
  1.073431995982 | [0.91, 0.6625, 2.0]
  1.046377680381 | [0.71, 0.9175, 2.0]
  1.110551664714 | [0.91, 0.96, 3.0]
  1.062852882575 | [0.73, 0.3825, 2.0]
  0.206654905579 | [0.35, 0.7925, 1.0]
  1.047237437260 | [0.65, 0.9575, 2.0]
  1.019264440662 | [0.35, 0.775, 2.0]
  1.007285957412 | [0.58, 0.78, 2.0]
  0.433135371448 | [0.21, 0.9775, 1.0]
  0.218303114957 | [0.72, 0.7625, 1.0]
  1.044895329686 | [0.82, 0.7175, 2.0]
  1.076382831524 | [0.87, 0.865, 2.0]
  1.023257665497 | [0.62, 0.8675, 3.0]
  1.019193921685 | [0.67, 0.8025, 2.0]
  1.002325421208 | [0.58, 0.7075, 2.0]
  1.078378412246 | [0.82, 0.945, 2.0]
  0.386393581727 | [0.9, 0.605, 1.0]
  1.027743280201 | [0.72, 0.8025, 3.0]
  1.049121656434 | [0.76, 0.4675, 3.0]
  0.216000578702 | [0.65, 0.8475, 1.0]
  1.024109369159 | [0.54, 0.895, 3.0]
  1.036366851071 | [0.35, 0.4625, 2.0]
  0.529999999999 | [0.97, 0.955, 1.0]
  1.033114224081 | [0.41, 0.91, 2.0]
  1.038135347630 | [0.37, 0.44, 3.0]
  1.113488325039 | [0.86, 0.3225, 3.0]
  1.030194156457 | [0.7, 0.505, 3.0]
  0.152315462117 | [0.46, 0.535, 1.0]
  0.260048072478 | [0.68, 0.88, 1.0]
  1.017840851999 | [0.58, 0.855, 3.0]
  1.106054361231 | [0.96, 0.8475, 2.0]
  1.097317752522 | [0.96, 0.7775, 3.0]
  1.049237818609 | [0.8, 0.525, 3.0]
  0.412310562561 | [0.84, 0.935, 1.0]
  1.005634128299 | [0.6, 0.605, 2.0]
  1.065437116868 | [0.22, 0.8875, 2.0]
  1.031749121637 | [0.43, 0.9125, 3.0]
  1.084112540283 | [0.79, 0.995, 3.0]
  0.334150041149 | [0.28, 0.9075, 1.0]
  0.464226507213 | [0.98, 0.7375, 1.0]
  0.357500000000 | [0.52, 0.3175, 1.0]
  1.078381310112 | [0.45, 0.2775, 3.0]
  1.114910310294 | [0.84, 0.3, 2.0]
  0.152315462117 | [0.46, 0.815, 1.0]
  0.378450789403 | [0.78, 0.4, 1.0]
  0.245675090312 | [0.28, 0.7275, 1.0]
  1.043458791711 | [0.67, 0.9325, 3.0]
The neighbors that are nearest: 
  0.152315462117 | [0.46, 0.815, 1.0]
  0.152315462117 | [0.46, 0.535, 1.0]
  0.177781466975 | [0.53, 0.8525, 1.0]
  0.206654905579 | [0.35, 0.7925, 1.0]
  0.216000578702 | [0.65, 0.8475, 1.0]
  0.218303114957 | [0.72, 0.7625, 1.0]
  0.245675090312 | [0.28, 0.7275, 1.0]
  0.260048072478 | [0.68, 0.88, 1.0]
  0.334150041149 | [0.28, 0.9075, 1.0]
  0.357500000000 | [0.52, 0.3175, 1.0]
  0.378450789403 | [0.78, 0.4, 1.0]
  0.386393581727 | [0.9, 0.605, 1.0]
  0.412310562561 | [0.84, 0.935, 1.0]
  0.433135371448 | [0.21, 0.9775, 1.0]
  0.464226507213 | [0.98, 0.7375, 1.0]
  0.529999999999 | [0.97, 0.955, 1.0]
  1.002325421208 | [0.58, 0.7075, 2.0]
  1.005634128299 | [0.6, 0.605, 2.0]
  1.007285957412 | [0.58, 0.78, 2.0]
  1.017840851999 | [0.58, 0.855, 3.0]
The class assigned is: good

Classifying record: [0.89, 0.525, 3.0]
Comparative distances: 
  0.668823594081 | [0.3, 0.84, 3.0]
  1.112140391317 | [0.53, 0.8525, 1.0]
  1.009606977986 | [0.91, 0.6625, 2.0]
  1.089245725261 | [0.71, 0.9175, 2.0]
  0.435459527396 | [0.91, 0.96, 3.0]
  1.022695580317 | [0.73, 0.3825, 2.0]
  1.167542825767 | [0.35, 0.7925, 1.0]
  1.115641631528 | [0.65, 0.9575, 2.0]
  1.163658025366 | [0.35, 0.775, 2.0]
  1.077555102999 | [0.58, 0.78, 2.0]
  1.291184049622 | [0.21, 0.9775, 1.0]
  1.041780327132 | [0.72, 0.7625, 1.0]
  1.020762582582 | [0.82, 0.7175, 2.0]
  1.056409011699 | [0.87, 0.865, 2.0]
  0.436126415159 | [0.62, 0.8675, 3.0]
  1.060851662580 | [0.67, 0.8025, 2.0]
  1.062735268070 | [0.58, 0.7075, 2.0]
  1.086876257906 | [0.82, 0.945, 2.0]
  1.003244735844 | [0.9, 0.605, 1.0]
  0.325432404655 | [0.72, 0.8025, 3.0]
  0.142148689758 | [0.76, 0.4675, 3.0]
  1.077778386311 | [0.65, 0.8475, 1.0]
  0.509313263129 | [0.54, 0.895, 3.0]
  1.138203079419 | [0.35, 0.4625, 2.0]
  1.091466902842 | [0.97, 0.955, 1.0]
  1.174148627729 | [0.41, 0.91, 2.0]
  0.526901319034 | [0.37, 0.44, 3.0]
  0.204710160959 | [0.86, 0.3225, 3.0]
  0.191049731745 | [0.7, 0.505, 3.0]
  1.088577052853 | [0.46, 0.535, 1.0]
  1.081723162366 | [0.68, 0.88, 1.0]
  0.452769256906 | [0.58, 0.855, 3.0]
  1.053046176575 | [0.96, 0.8475, 2.0]
  0.262023376819 | [0.96, 0.7775, 3.0]
  0.089999999999 | [0.8, 0.525, 3.0]
  1.081942697188 | [0.84, 0.935, 1.0]
  1.044270080008 | [0.6, 0.605, 2.0]
  1.257102322804 | [0.22, 0.8875, 2.0]
  0.601461761045 | [0.43, 0.9125, 3.0]
  0.480520551069 | [0.79, 0.995, 3.0]
  1.232236280102 | [0.28, 0.9075, 1.0]
  1.026282733948 | [0.98, 0.7375, 1.0]
  1.086257911363 | [0.52, 0.3175, 1.0]
  0.504832893143 | [0.45, 0.2775, 3.0]
  1.026218787588 | [0.84, 0.3, 2.0]
  1.126499001331 | [0.46, 0.815, 1.0]
  1.013767724875 | [0.78, 0.4, 1.0]
  1.188741456331 | [0.28, 0.7275, 1.0]
  0.463094212876 | [0.67, 0.9325, 3.0]
The neighbors that are nearest: 
  0.089999999999 | [0.8, 0.525, 3.0]
  0.142148689758 | [0.76, 0.4675, 3.0]
  0.191049731745 | [0.7, 0.505, 3.0]
  0.204710160959 | [0.86, 0.3225, 3.0]
  0.262023376819 | [0.96, 0.7775, 3.0]
  0.325432404655 | [0.72, 0.8025, 3.0]
  0.435459527396 | [0.91, 0.96, 3.0]
  0.436126415159 | [0.62, 0.8675, 3.0]
  0.452769256906 | [0.58, 0.855, 3.0]
  0.463094212876 | [0.67, 0.9325, 3.0]
  0.480520551069 | [0.79, 0.995, 3.0]
  0.504832893143 | [0.45, 0.2775, 3.0]
  0.509313263129 | [0.54, 0.895, 3.0]
  0.526901319034 | [0.37, 0.44, 3.0]
  0.601461761045 | [0.43, 0.9125, 3.0]
  0.668823594081 | [0.3, 0.84, 3.0]
  1.003244735844 | [0.9, 0.605, 1.0]
  1.009606977986 | [0.91, 0.6625, 2.0]
  1.013767724875 | [0.78, 0.4, 1.0]
  1.020762582582 | [0.82, 0.7175, 2.0]
The class assigned is: bad

Classifying record: [0.75, 0.875, 1.0]
Comparative distances: 
  1.097144019716 | [0.3, 0.84, 3.0]
  0.221147575161 | [0.53, 0.8525, 1.0]
  1.034773525946 | [0.91, 0.6625, 2.0]
  1.001701677147 | [0.71, 0.9175, 2.0]
  1.016279981107 | [0.91, 0.96, 3.0]
  1.114879477791 | [0.73, 0.3825, 2.0]
  0.408419208656 | [0.35, 0.7925, 1.0]
  1.008368112347 | [0.65, 0.9575, 2.0]
  1.081665382639 | [0.35, 0.775, 2.0]
  1.018786042307 | [0.58, 0.78, 2.0]
  0.549641928895 | [0.21, 0.9775, 1.0]
  0.116431310221 | [0.72, 0.7625, 1.0]
  1.014744425951 | [0.82, 0.7175, 2.0]
  1.007223907579 | [0.87, 0.865, 2.0]
  1.008442487204 | [0.62, 0.8675, 3.0]
  1.005811239746 | [0.67, 0.8025, 2.0]
  1.028083775769 | [0.58, 0.7075, 2.0]
  1.004888053466 | [0.82, 0.945, 2.0]
  0.308868904229 | [0.9, 0.605, 1.0]
  1.003073402099 | [0.72, 0.8025, 3.0]
  1.079887146881 | [0.76, 0.4675, 3.0]
  0.103712342563 | [0.65, 0.8475, 1.0]
  1.022007827758 | [0.54, 0.895, 3.0]
  1.153324000443 | [0.35, 0.4625, 2.0]
  0.234093998214 | [0.97, 0.955, 1.0]
  1.056799413323 | [0.41, 0.91, 2.0]
  1.154826826844 | [0.37, 0.44, 3.0]
  1.147761408133 | [0.86, 0.3225, 3.0]
  1.067426812479 | [0.7, 0.505, 3.0]
  0.446878059430 | [0.46, 0.535, 1.0]
  0.070178344238 | [0.68, 0.88, 1.0]
  1.014544232648 | [0.58, 0.855, 3.0]
  1.022182102171 | [0.96, 0.8475, 2.0]
  1.026453238097 | [0.96, 0.7775, 3.0]
  1.060660171779 | [0.8, 0.525, 3.0]
  0.108166538263 | [0.84, 0.935, 1.0]
  1.046613586764 | [0.6, 0.605, 2.0]
  1.131837554598 | [0.22, 0.8875, 2.0]
  1.050621839674 | [0.43, 0.9125, 3.0]
  1.007968253468 | [0.79, 0.995, 3.0]
  0.471122330186 | [0.28, 0.9075, 1.0]
  0.267966882282 | [0.98, 0.7375, 1.0]
  0.603080633083 | [0.52, 0.3175, 1.0]
  1.202915728552 | [0.45, 0.2775, 3.0]
  1.157032843094 | [0.84, 0.3, 2.0]
  0.296141857899 | [0.46, 0.815, 1.0]
  0.475946425556 | [0.78, 0.4, 1.0]
  0.492601512380 | [0.28, 0.7275, 1.0]
  1.004841405396 | [0.67, 0.9325, 3.0]
The neighbors that are nearest: 
  0.070178344238 | [0.68, 0.88, 1.0]
  0.103712342563 | [0.65, 0.8475, 1.0]
  0.108166538263 | [0.84, 0.935, 1.0]
  0.116431310221 | [0.72, 0.7625, 1.0]
  0.221147575161 | [0.53, 0.8525, 1.0]
  0.234093998214 | [0.97, 0.955, 1.0]
  0.267966882282 | [0.98, 0.7375, 1.0]
  0.296141857899 | [0.46, 0.815, 1.0]
  0.308868904229 | [0.9, 0.605, 1.0]
  0.408419208656 | [0.35, 0.7925, 1.0]
  0.446878059430 | [0.46, 0.535, 1.0]
  0.471122330186 | [0.28, 0.9075, 1.0]
  0.475946425556 | [0.78, 0.4, 1.0]
  0.492601512380 | [0.28, 0.7275, 1.0]
  0.549641928895 | [0.21, 0.9775, 1.0]
  0.603080633083 | [0.52, 0.3175, 1.0]
  1.001701677147 | [0.71, 0.9175, 2.0]
  1.003073402099 | [0.72, 0.8025, 3.0]
  1.004841405396 | [0.67, 0.9325, 3.0]
  1.004888053466 | [0.82, 0.945, 2.0]
The class assigned is: good

Classifying record: [0.33, 0.775, 2.0]
Comparative distances: 
  1.002559225183 | [0.3, 0.84, 3.0]
  1.022744469552 | [0.53, 0.8525, 1.0]
  0.590809825578 | [0.91, 0.6625, 2.0]
  0.405840177902 | [0.71, 0.9175, 2.0]
  1.170736947396 | [0.91, 0.96, 3.0]
  0.560407218012 | [0.73, 0.3825, 2.0]
  1.000353062673 | [0.35, 0.7925, 1.0]
  0.368383292237 | [0.65, 0.9575, 2.0]
  0.019999999999 | [0.35, 0.775, 2.0]
  0.250049995000 | [0.58, 0.78, 2.0]
  1.027329669580 | [0.21, 0.9775, 1.0]
  1.073431995982 | [0.72, 0.7625, 1.0]
  0.493362189471 | [0.82, 0.7175, 2.0]
  0.547448627726 | [0.87, 0.865, 2.0]
  1.045301989857 | [0.62, 0.8675, 3.0]
  0.341110319398 | [0.67, 0.8025, 2.0]
  0.258952215669 | [0.58, 0.7075, 2.0]
  0.518652099195 | [0.82, 0.945, 2.0]
  1.163529114375 | [0.9, 0.605, 1.0]
  1.073711437025 | [0.72, 0.8025, 3.0]
  1.131130518552 | [0.76, 0.4675, 3.0]
  1.052452492989 | [0.65, 0.8475, 1.0]
  1.028834291807 | [0.54, 0.895, 3.0]
  0.313139345978 | [0.35, 0.4625, 2.0]
  1.200833044182 | [0.97, 0.955, 1.0]
  0.156923548264 | [0.41, 0.91, 2.0]
  1.055379078814 | [0.37, 0.44, 3.0]
  1.218874993590 | [0.86, 0.3225, 3.0]
  1.099909087152 | [0.7, 0.505, 3.0]
  1.036580918211 | [0.46, 0.535, 1.0]
  1.064671310780 | [0.68, 0.88, 1.0]
  1.033876201486 | [0.58, 0.855, 3.0]
  0.634157906203 | [0.96, 0.8475, 2.0]
  1.181907885581 | [0.96, 0.7775, 3.0]
  1.132872455309 | [0.8, 0.525, 3.0]
  1.133887119602 | [0.84, 0.935, 1.0]
  0.319061122670 | [0.6, 0.605, 2.0]
  0.157341189775 | [0.22, 0.8875, 2.0]
  1.014350161433 | [0.43, 0.9125, 3.0]
  1.122497216032 | [0.79, 0.995, 3.0]
  1.009978341351 | [0.28, 0.9075, 1.0]
  1.193275429228 | [0.98, 0.7375, 1.0]
  1.115977710350 | [0.52, 0.3175, 1.0]
  1.123346006357 | [0.45, 0.2775, 3.0]
  0.696939739145 | [0.84, 0.3, 2.0]
  1.009207609959 | [0.46, 0.815, 1.0]
  1.158932698649 | [0.78, 0.4, 1.0]
  1.002375303965 | [0.28, 0.7275, 1.0]
  1.067898052250 | [0.67, 0.9325, 3.0]
The neighbors that are nearest: 
  0.019999999999 | [0.35, 0.775, 2.0]
  0.156923548264 | [0.41, 0.91, 2.0]
  0.157341189775 | [0.22, 0.8875, 2.0]
  0.250049995000 | [0.58, 0.78, 2.0]
  0.258952215669 | [0.58, 0.7075, 2.0]
  0.313139345978 | [0.35, 0.4625, 2.0]
  0.319061122670 | [0.6, 0.605, 2.0]
  0.341110319398 | [0.67, 0.8025, 2.0]
  0.368383292237 | [0.65, 0.9575, 2.0]
  0.405840177902 | [0.71, 0.9175, 2.0]
  0.493362189471 | [0.82, 0.7175, 2.0]
  0.518652099195 | [0.82, 0.945, 2.0]
  0.547448627726 | [0.87, 0.865, 2.0]
  0.560407218012 | [0.73, 0.3825, 2.0]
  0.590809825578 | [0.91, 0.6625, 2.0]
  0.634157906203 | [0.96, 0.8475, 2.0]
  0.696939739145 | [0.84, 0.3, 2.0]
  1.000353062673 | [0.35, 0.7925, 1.0]
  1.002375303965 | [0.28, 0.7275, 1.0]
  1.002559225183 | [0.3, 0.84, 3.0]
The class assigned is: average

Classifying record: [0.85, 0.95, 3.0]
Comparative distances: 
  0.560892146495 | [0.3, 0.84, 3.0]
  1.054469653427 | [0.53, 0.8525, 1.0]
  1.042236177648 | [0.91, 0.6625, 2.0]
  1.010275333758 | [0.71, 0.9175, 2.0]
  0.060827625302 | [0.91, 0.96, 3.0]
  1.156052010075 | [0.73, 0.3825, 2.0]
  1.129073181862 | [0.35, 0.7925, 1.0]
  1.019831481177 | [0.65, 0.9575, 2.0]
  1.131647029775 | [0.35, 0.775, 2.0]
  1.049666613739 | [0.58, 0.78, 2.0]
  1.187584207540 | [0.21, 0.9775, 1.0]
  1.025697933116 | [0.72, 0.7625, 1.0]
  1.027110631821 | [0.82, 0.7175, 2.0]
  1.003805259998 | [0.87, 0.865, 2.0]
  0.244348623896 | [0.62, 0.8675, 3.0]
  1.026721115980 | [0.67, 0.8025, 2.0]
  1.063816831038 | [0.58, 0.7075, 2.0]
  1.000462393096 | [0.82, 0.945, 2.0]
  1.059020774111 | [0.9, 0.605, 1.0]
  0.196611927410 | [0.72, 0.8025, 3.0]
  0.490822014583 | [0.76, 0.4675, 3.0]
  1.024942071533 | [0.65, 0.8475, 1.0]
  0.314841229828 | [0.54, 0.895, 3.0]
  1.219695146337 | [0.35, 0.4625, 2.0]
  1.007186675845 | [0.97, 0.955, 1.0]
  1.093252029497 | [0.41, 0.91, 2.0]
  0.700357051795 | [0.37, 0.44, 3.0]
  0.627579676216 | [0.86, 0.3225, 3.0]
  0.469600894377 | [0.7, 0.505, 3.0]
  1.150793204707 | [0.46, 0.535, 1.0]
  1.016759558597 | [0.68, 0.88, 1.0]
  0.286225435627 | [0.58, 0.855, 3.0]
  1.011239956686 | [0.96, 0.8475, 2.0]
  0.204588000625 | [0.96, 0.7775, 3.0]
  0.427931069215 | [0.8, 0.525, 3.0]
  1.000162486799 | [0.84, 0.935, 1.0]
  1.086979760621 | [0.6, 0.605, 2.0]
  1.183556610390 | [0.22, 0.8875, 2.0]
  0.421670783906 | [0.43, 0.9125, 3.0]
  0.074999999999 | [0.79, 0.995, 3.0]
  1.151827352514 | [0.28, 0.9075, 1.0]
  1.030561133557 | [0.98, 0.7375, 1.0]
  1.228395803477 | [0.52, 0.3175, 1.0]
  0.782468050465 | [0.45, 0.2775, 3.0]
  1.192727965631 | [0.84, 0.3, 2.0]
  1.081815603511 | [0.46, 0.815, 1.0]
  1.143415934819 | [0.78, 0.4, 1.0]
  1.172350736767 | [0.28, 0.7275, 1.0]
  0.180848693664 | [0.67, 0.9325, 3.0]
The neighbors that are nearest: 
  0.060827625302 | [0.91, 0.96, 3.0]
  0.074999999999 | [0.79, 0.995, 3.0]
  0.180848693664 | [0.67, 0.9325, 3.0]
  0.196611927410 | [0.72, 0.8025, 3.0]
  0.204588000625 | [0.96, 0.7775, 3.0]
  0.244348623896 | [0.62, 0.8675, 3.0]
  0.286225435627 | [0.58, 0.855, 3.0]
  0.314841229828 | [0.54, 0.895, 3.0]
  0.421670783906 | [0.43, 0.9125, 3.0]
  0.427931069215 | [0.8, 0.525, 3.0]
  0.469600894377 | [0.7, 0.505, 3.0]
  0.490822014583 | [0.76, 0.4675, 3.0]
  0.560892146495 | [0.3, 0.84, 3.0]
  0.627579676216 | [0.86, 0.3225, 3.0]
  0.700357051795 | [0.37, 0.44, 3.0]
  0.782468050465 | [0.45, 0.2775, 3.0]
  1.000162486799 | [0.84, 0.935, 1.0]
  1.000462393096 | [0.82, 0.945, 2.0]
  1.003805259998 | [0.87, 0.865, 2.0]
  1.007186675845 | [0.97, 0.955, 1.0]
The class assigned is: bad

The training error: 0.0%
Leave one out validation error: 29.166666666666668%
