Classifying record: [0.75, 0.16666666666666666, 0.4, 1.0, 3.0]
Comparative distances: 
  1.394708253044 | [0.55, 0.95, 0.94, 1.0, 1.0]
  1.046714436277 | [0.69, 0.2833333333333333, 0.68, 1.0, 2.0]
  1.501588279493 | [0.3775, 0.2833333333333333, 0.08, 2.0, 1.0]
  1.540065159155 | [0.2775, 0.55, 0.36, 2.0, 2.0]
  1.541338703854 | [0.675, 0.7166666666666667, 0.14, 2.0, 1.0]
  1.497815307187 | [0.0525, 0.9833333333333333, 0.7, 2.0, 3.0]
  1.366617885308 | [0.21, 0.7, 0.94, 1.0, 1.0]
  1.679915879177 | [0.2125, 0.8833333333333333, 0.54, 2.0, 1.0]
  1.230609605033 | [0.63, 0.6666666666666666, 0.9, 2.0, 3.0]
  1.467311411315 | [0.825, 0.03333333333333333, 0.76, 2.0, 1.0]
  1.324009325663 | [0.2825, 0.8333333333333334, 0.7, 1.0, 1.0]
  0.738180947404 | [0.88, 0.8833333333333333, 0.28, 1.0, 3.0]
  1.578963267463 | [0.925, 0.8166666666666667, 0.6, 2.0, 2.0]
  1.047649485488 | [0.525, 0.08333333333333333, 0.6, 1.0, 2.0]
  1.230922192684 | [0.325, 0.6833333333333333, 0.14, 1.0, 1.0]
  1.586406009752 | [0.2125, 0.6333333333333333, 0.5, 2.0, 2.0]
  1.421268017573 | [0.775, 0.3, 0.44, 2.0, 1.0]
  0.810250732798 | [0.0875, 0.5666666666666667, 0.64, 1.0, 3.0]
  1.352729750459 | [0.15, 0.75, 0.04, 1.0, 2.0]
  1.086442014099 | [0.4025, 0.36666666666666664, 0.54, 2.0, 3.0]
  1.747649214738 | [0.14, 0.9, 0.78, 2.0, 1.0]
  1.531187130228 | [0.5625, 0.3, 0.94, 2.0, 1.0]
  1.334522646658 | [0.4275, 0.9833333333333333, 0.5, 1.0, 2.0]
  1.164109399689 | [0.2075, 0.4, 0.32, 2.0, 3.0]
  1.130457441825 | [0.7625, 0.6, 0.1, 1.0, 2.0]
  1.189306812578 | [0.2875, 0.08333333333333333, 0.84, 2.0, 3.0]
  1.237055475716 | [0.3875, 0.4166666666666667, 0.98, 1.0, 2.0]
  1.130497678016 | [0.305, 0.36666666666666664, 0.6, 1.0, 1.0]
  1.058038016540 | [0.9, 0.08333333333333333, 0.7, 2.0, 3.0]
  1.047680308003 | [0.7025, 0.3333333333333333, 0.66, 1.0, 1.0]
  1.419111615687 | [0.65, 0.18333333333333332, 0.34, 2.0, 2.0]
  1.096061446472 | [0.8075, 0.1, 0.84, 1.0, 2.0]
  1.482420130882 | [0.925, 0.25, 0.0, 2.0, 2.0]
  1.638215704492 | [0.1125, 0.08333333333333333, 0.92, 2.0, 1.0]
  1.629400025912 | [0.03, 0.25, 0.76, 2.0, 2.0]
  0.632484079729 | [0.145, 0.35, 0.42, 1.0, 3.0]
  1.162766098577 | [0.625, 0.16666666666666666, 0.98, 1.0, 1.0]
  0.489719307358 | [0.335, 0.26666666666666666, 0.16, 1.0, 3.0]
  1.320312463017 | [0.025, 0.5666666666666667, 0.16, 1.0, 1.0]
  1.186326027887 | [0.155, 0.38333333333333336, 0.32, 1.0, 1.0]
  1.639232755827 | [0.0875, 0.03333333333333333, 0.88, 2.0, 2.0]
  1.304326401293 | [0.2575, 0.8, 0.16, 2.0, 3.0]
  1.557792464069 | [0.1275, 0.2833333333333333, 0.24, 2.0, 2.0]
  1.492849624041 | [0.44, 0.5166666666666667, 0.5, 2.0, 1.0]
  0.876438500092 | [0.04, 0.5333333333333333, 0.76, 1.0, 3.0]
  1.144421251113 | [0.36, 0.4666666666666667, 0.14, 1.0, 2.0]
  1.159795240548 | [0.165, 0.11666666666666667, 0.42, 1.0, 2.0]
  1.169511115808 | [0.2625, 0.4166666666666667, 0.66, 1.0, 1.0]
  1.134749421678 | [0.9375, 0.21666666666666667, 0.9, 2.0, 3.0]
  0.625195524971 | [0.155, 0.23333333333333334, 0.22, 1.0, 3.0]
  1.129158979063 | [0.38, 0.016666666666666666, 0.06, 2.0, 3.0]
  1.105667219374 | [0.95, 0.31666666666666665, 0.8, 2.0, 3.0]
  0.785706069581 | [0.2375, 0.75, 0.28, 1.0, 3.0]
  1.572752585260 | [0.4725, 0.6833333333333333, 0.04, 2.0, 1.0]
  0.280579756931 | [0.525, 0.11666666666666667, 0.56, 1.0, 3.0]
  1.036862588667 | [0.0875, 0.9333333333333333, 0.62, 1.0, 3.0]
  1.282982636065 | [0.15, 0.7, 0.36, 2.0, 3.0]
  1.531710191619 | [0.175, 0.2, 0.52, 2.0, 1.0]
  1.668986926584 | [0.3675, 0.95, 0.24, 2.0, 1.0]
  1.650946698109 | [0.275, 0.8666666666666667, 0.5, 2.0, 2.0]
  1.108151614175 | [0.43, 0.06666666666666667, 0.06, 1.0, 2.0]
  1.088122746343 | [0.65, 0.5833333333333334, 0.42, 2.0, 3.0]
  1.221003969872 | [0.6075, 0.85, 0.34, 1.0, 1.0]
  1.260363979615 | [0.1325, 0.05, 0.84, 1.0, 1.0]
  1.068130505967 | [0.855, 0.18333333333333332, 0.04, 2.0, 3.0]
  1.276950577656 | [0.435, 0.6333333333333333, 0.96, 2.0, 3.0]
  1.026734643312 | [0.5875, 0.03333333333333333, 0.3, 1.0, 1.0]
  1.047003992882 | [0.6275, 0.05, 0.14, 1.0, 1.0]
  1.654540050218 | [0.425, 0.75, 0.94, 2.0, 2.0]
  0.738468761093 | [0.375, 0.8, 0.34, 1.0, 3.0]
  1.189682497326 | [0.3, 0.5333333333333333, 0.68, 1.0, 2.0]
  1.015551300744 | [0.65, 0.08333333333333333, 0.52, 1.0, 2.0]
  1.071310529211 | [0.8075, 0.16666666666666666, 0.02, 2.0, 3.0]
  1.387624869256 | [0.025, 0.7833333333333333, 0.54, 1.0, 1.0]
  1.127461504639 | [0.575, 0.38333333333333336, 0.84, 1.0, 1.0]
  1.038039016607 | [0.775, 0.4166666666666667, 0.52, 1.0, 2.0]
  1.433551340009 | [0.885, 0.23333333333333334, 0.22, 2.0, 2.0]
  1.477110777836 | [0.0975, 0.9166666666666666, 0.84, 1.0, 2.0]
  1.659950007614 | [0.1375, 0.7833333333333333, 0.4, 2.0, 2.0]
The neighbors that are nearest: 
  0.280579756931 | [0.525, 0.11666666666666667, 0.56, 1.0, 3.0]
  0.489719307358 | [0.335, 0.26666666666666666, 0.16, 1.0, 3.0]
  0.625195524971 | [0.155, 0.23333333333333334, 0.22, 1.0, 3.0]
  0.632484079729 | [0.145, 0.35, 0.42, 1.0, 3.0]
  0.738180947404 | [0.88, 0.8833333333333333, 0.28, 1.0, 3.0]
  0.738468761093 | [0.375, 0.8, 0.34, 1.0, 3.0]
The class assigned is: undetermined

Classifying record: [0.8, 0.6666666666666666, 0.5, 1.0, 1.0]
Comparative distances: 
  0.579980842595 | [0.55, 0.95, 0.94, 1.0, 1.0]
  1.091533070705 | [0.69, 0.2833333333333333, 0.68, 1.0, 2.0]
  1.225500181331 | [0.3775, 0.2833333333333333, 0.08, 2.0, 1.0]
  1.518623508678 | [0.2775, 0.55, 0.36, 2.0, 2.0]
  1.071319280140 | [0.675, 0.7166666666666667, 0.14, 2.0, 1.0]
  1.642873710233 | [0.0525, 0.9833333333333333, 0.7, 2.0, 3.0]
  0.736757158846 | [0.21, 0.7, 0.94, 1.0, 1.0]
  1.180551013063 | [0.2125, 0.8833333333333333, 0.54, 2.0, 1.0]
  1.479493156455 | [0.63, 0.6666666666666666, 0.9, 2.0, 3.0]
  1.212161751216 | [0.825, 0.03333333333333333, 0.76, 2.0, 1.0]
  0.579296148595 | [0.2825, 0.8333333333333334, 0.7, 1.0, 1.0]
  1.049640149977 | [0.88, 0.8833333333333333, 0.28, 1.0, 3.0]
  1.431127178136 | [0.925, 0.8166666666666667, 0.6, 2.0, 2.0]
  1.194111710761 | [0.525, 0.08333333333333333, 0.6, 1.0, 2.0]
  0.596240536845 | [0.325, 0.6833333333333333, 0.14, 1.0, 1.0]
  1.531753035287 | [0.2125, 0.6333333333333333, 0.5, 2.0, 2.0]
  1.067084553559 | [0.775, 0.3, 0.44, 2.0, 1.0]
  1.239861383381 | [0.0875, 0.5666666666666667, 0.64, 1.0, 3.0]
  1.281032569626 | [0.15, 0.75, 0.04, 1.0, 2.0]
  1.499868744257 | [0.4025, 0.36666666666666664, 0.54, 2.0, 3.0]
  1.252375520538 | [0.14, 0.9, 0.78, 2.0, 1.0]
  1.176626828881 | [0.5625, 0.3, 0.94, 2.0, 1.0]
  1.113119053730 | [0.4275, 0.9833333333333333, 0.5, 1.0, 2.0]
  1.566705894898 | [0.2075, 0.4, 0.32, 2.0, 3.0]
  1.079745661924 | [0.7625, 0.6, 0.1, 1.0, 2.0]
  1.648797752235 | [0.2875, 0.08333333333333333, 0.84, 2.0, 3.0]
  1.209568621451 | [0.3875, 0.4166666666666667, 0.98, 1.0, 2.0]
  0.587388287251 | [0.305, 0.36666666666666664, 0.6, 1.0, 1.0]
  1.546052320517 | [0.9, 0.08333333333333333, 0.7, 2.0, 3.0]
  0.382383787720 | [0.7025, 0.3333333333333333, 0.66, 1.0, 1.0]
  1.510533386294 | [0.65, 0.18333333333333332, 0.34, 2.0, 2.0]
  1.198652310351 | [0.8075, 0.1, 0.84, 1.0, 2.0]
  1.561805401165 | [0.925, 0.25, 0.0, 2.0, 2.0]
  1.410437530618 | [0.1125, 0.08333333333333333, 0.92, 2.0, 1.0]
  1.683481841633 | [0.03, 0.25, 0.76, 2.0, 2.0]
  1.239234754910 | [0.145, 0.35, 0.42, 1.0, 3.0]
  0.714860126178 | [0.625, 0.16666666666666666, 0.98, 1.0, 1.0]
  1.221402881935 | [0.335, 0.26666666666666666, 0.16, 1.0, 3.0]
  0.852188359460 | [0.025, 0.5666666666666667, 0.16, 1.0, 1.0]
  0.727119507218 | [0.155, 0.38333333333333336, 0.32, 1.0, 1.0]
  1.747331497201 | [0.0875, 0.03333333333333333, 0.88, 2.0, 2.0]
  1.558102701293 | [0.2575, 0.8, 0.16, 2.0, 3.0]
  1.633034198798 | [0.1275, 0.2833333333333333, 0.24, 2.0, 2.0]
  1.073359212938 | [0.44, 0.5166666666666667, 0.5, 2.0, 1.0]
  1.289564956788 | [0.04, 0.5333333333333333, 0.76, 1.0, 3.0]
  1.167561561546 | [0.36, 0.4666666666666667, 0.14, 1.0, 2.0]
  1.308481944850 | [0.165, 0.11666666666666667, 0.42, 1.0, 2.0]
  0.614008346848 | [0.2625, 0.4166666666666667, 0.66, 1.0, 1.0]
  1.543180562993 | [0.9375, 0.21666666666666667, 0.9, 2.0, 3.0]
  1.296997601299 | [0.155, 0.23333333333333334, 0.22, 1.0, 3.0]
  1.671077496706 | [0.38, 0.016666666666666666, 0.06, 2.0, 3.0]
  1.494991638772 | [0.95, 0.31666666666666665, 0.8, 2.0, 3.0]
  1.171217611908 | [0.2375, 0.75, 0.28, 1.0, 3.0]
  1.148535601441 | [0.4725, 0.6833333333333333, 0.04, 2.0, 1.0]
  1.175467991907 | [0.525, 0.11666666666666667, 0.56, 1.0, 3.0]
  1.262207336815 | [0.0875, 0.9333333333333333, 0.62, 1.0, 3.0]
  1.563077448852 | [0.15, 0.7, 0.36, 2.0, 3.0]
  1.268385894662 | [0.175, 0.2, 0.52, 2.0, 1.0]
  1.155393451503 | [0.3675, 0.95, 0.24, 2.0, 1.0]
  1.521717779353 | [0.275, 0.8666666666666667, 0.5, 2.0, 2.0]
  1.300192293470 | [0.43, 0.06666666666666667, 0.06, 1.0, 2.0]
  1.426830208694 | [0.65, 0.5833333333333334, 0.42, 2.0, 3.0]
  0.310269819852 | [0.6075, 0.85, 0.34, 1.0, 1.0]
  0.970275233002 | [0.1325, 0.05, 0.84, 1.0, 1.0]
  1.564684029160 | [0.855, 0.18333333333333332, 0.04, 2.0, 3.0]
  1.531644903726 | [0.435, 0.6333333333333333, 0.96, 2.0, 3.0]
  0.697328732457 | [0.5875, 0.03333333333333333, 0.3, 1.0, 1.0]
  0.734597868073 | [0.6275, 0.05, 0.14, 1.0, 1.0]
  1.530088051206 | [0.425, 0.75, 0.94, 2.0, 2.0]
  1.106346590259 | [0.375, 0.8, 0.34, 1.0, 3.0]
  1.140253383146 | [0.3, 0.5333333333333333, 0.68, 1.0, 2.0]
  1.167552044997 | [0.65, 0.08333333333333333, 0.52, 1.0, 2.0]
  1.574946427660 | [0.8075, 0.16666666666666666, 0.02, 2.0, 3.0]
  0.784752260978 | [0.025, 0.7833333333333333, 0.54, 1.0, 1.0]
  0.496490460913 | [0.575, 0.38333333333333336, 0.84, 1.0, 1.0]
  1.031273484581 | [0.775, 0.4166666666666667, 0.52, 1.0, 2.0]
  1.507780745923 | [0.885, 0.23333333333333334, 0.22, 2.0, 2.0]
  1.292906125749 | [0.0975, 0.9166666666666666, 0.84, 1.0, 2.0]
  1.569241014347 | [0.1375, 0.7833333333333333, 0.4, 2.0, 2.0]
The neighbors that are nearest: 
  0.310269819852 | [0.6075, 0.85, 0.34, 1.0, 1.0]
  0.382383787720 | [0.7025, 0.3333333333333333, 0.66, 1.0, 1.0]
  0.496490460913 | [0.575, 0.38333333333333336, 0.84, 1.0, 1.0]
  0.579296148595 | [0.2825, 0.8333333333333334, 0.7, 1.0, 1.0]
  0.579980842595 | [0.55, 0.95, 0.94, 1.0, 1.0]
  0.587388287251 | [0.305, 0.36666666666666664, 0.6, 1.0, 1.0]
The class assigned is: low

Classifying record: [0.125, 0.8333333333333334, 0.34, 2.0, 2.0]
Comparative distances: 
  1.598197769711 | [0.55, 0.95, 0.94, 1.0, 1.0]
  1.318076249691 | [0.69, 0.2833333333333333, 0.68, 1.0, 2.0]
  1.197437367881 | [0.3775, 0.2833333333333333, 0.08, 2.0, 1.0]
  0.322388008117 | [0.2775, 0.55, 0.36, 2.0, 2.0]
  1.164521837970 | [0.675, 0.7166666666666667, 0.14, 2.0, 1.0]
  1.075804931202 | [0.0525, 0.9833333333333333, 0.7, 2.0, 3.0]
  1.544345420486 | [0.21, 0.7, 0.94, 1.0, 1.0]
  1.024771315952 | [0.2125, 0.8833333333333333, 0.54, 2.0, 1.0]
  1.263488337016 | [0.63, 0.6666666666666666, 0.9, 2.0, 3.0]
  1.518683640525 | [0.825, 0.03333333333333333, 0.76, 2.0, 1.0]
  1.467789579606 | [0.2825, 0.8333333333333334, 0.7, 1.0, 1.0]
  1.605031152345 | [0.88, 0.8833333333333333, 0.28, 1.0, 3.0]
  0.841354727673 | [0.925, 0.8166666666666667, 0.6, 2.0, 2.0]
  1.337946187258 | [0.525, 0.08333333333333333, 0.6, 1.0, 2.0]
  1.45           | [0.325, 0.6833333333333333, 0.14, 1.0, 1.0]
  0.270658918197 | [0.2125, 0.6333333333333333, 0.5, 2.0, 2.0]
  1.310322267400 | [0.775, 0.3, 0.44, 2.0, 1.0]
  1.470550019928 | [0.0875, 0.5666666666666667, 0.64, 1.0, 3.0]
  1.047649485488 | [0.15, 0.75, 0.04, 1.0, 2.0]
  1.155328536727 | [0.4025, 0.36666666666666664, 0.54, 2.0, 3.0]
  1.094654943095 | [0.14, 0.9, 0.78, 2.0, 1.0]
  1.354935679080 | [0.5625, 0.3, 0.94, 2.0, 1.0]
  1.067523418946 | [0.4275, 0.9833333333333333, 0.5, 1.0, 2.0]
  1.093153249904 | [0.2075, 0.4, 0.32, 2.0, 3.0]
  1.232254314029 | [0.7625, 0.6, 0.1, 1.0, 2.0]
  1.356062775095 | [0.2875, 0.08333333333333333, 0.84, 2.0, 3.0]
  1.285347175323 | [0.3875, 0.4166666666666667, 0.98, 1.0, 2.0]
  1.522424966222 | [0.305, 0.36666666666666664, 0.6, 1.0, 1.0]
  1.514174692695 | [0.9, 0.08333333333333333, 0.7, 2.0, 3.0]
  1.638873469795 | [0.7025, 0.3333333333333333, 0.66, 1.0, 1.0]
  0.835538748353 | [0.65, 0.18333333333333332, 0.34, 2.0, 2.0]
  1.501194200554 | [0.8075, 0.1, 0.84, 1.0, 2.0]
  1.046841811248 | [0.925, 0.25, 0.0, 2.0, 2.0]
  1.378062498582 | [0.1125, 0.08333333333333333, 0.92, 2.0, 1.0]
  0.725053637862 | [0.03, 0.25, 0.76, 2.0, 2.0]
  1.496800290991 | [0.145, 0.35, 0.42, 1.0, 3.0]
  1.761829856837 | [0.625, 0.16666666666666666, 0.98, 1.0, 1.0]
  1.548422135953 | [0.335, 0.26666666666666666, 0.16, 1.0, 3.0]
  1.453791976560 | [0.025, 0.5666666666666667, 0.16, 1.0, 1.0]
  1.484520124484 | [0.155, 0.38333333333333336, 0.32, 1.0, 1.0]
  0.965922486538 | [0.0875, 0.03333333333333333, 0.88, 2.0, 2.0]
  1.025215763198 | [0.2575, 0.8, 0.16, 2.0, 3.0]
  0.559022584516 | [0.1275, 0.2833333333333333, 0.24, 2.0, 2.0]
  1.106843610352 | [0.44, 0.5166666666666667, 0.5, 2.0, 1.0]
  1.507854435945 | [0.04, 0.5333333333333333, 0.76, 1.0, 3.0]
  1.108904614673 | [0.36, 0.4666666666666667, 0.14, 1.0, 2.0]
  1.233536019381 | [0.165, 0.11666666666666667, 0.42, 1.0, 2.0]
  1.514898465611 | [0.2625, 0.4166666666666667, 0.66, 1.0, 1.0]
  1.534286162284 | [0.9375, 0.21666666666666667, 0.9, 2.0, 3.0]
  1.541200830521 | [0.155, 0.23333333333333334, 0.22, 1.0, 3.0]
  1.345499700648 | [0.38, 0.016666666666666666, 0.06, 2.0, 3.0]
  1.469411257764 | [0.95, 0.31666666666666665, 0.8, 2.0, 3.0]
  1.422392595046 | [0.2375, 0.75, 0.28, 1.0, 3.0]
  1.110520711198 | [0.4725, 0.6833333333333333, 0.04, 2.0, 1.0]
  1.649851845200 | [0.525, 0.11666666666666667, 0.56, 1.0, 3.0]
  1.445616218088 | [0.0875, 0.9333333333333333, 0.62, 1.0, 3.0]
  1.009357606489 | [0.15, 0.7, 0.36, 2.0, 3.0]
  1.198336810379 | [0.175, 0.2, 0.52, 2.0, 1.0]
  1.040392887860 | [0.3675, 0.95, 0.24, 2.0, 1.0]
  0.221835775092 | [0.275, 0.8666666666666667, 0.5, 2.0, 2.0]
  1.326349417679 | [0.43, 0.06666666666666667, 0.06, 1.0, 2.0]
  1.159536545349 | [0.65, 0.5833333333333334, 0.42, 2.0, 3.0]
  1.494350704412 | [0.6075, 0.85, 0.34, 1.0, 1.0]
  1.692237383203 | [0.1325, 0.05, 0.84, 1.0, 1.0]
  1.430174814489 | [0.855, 0.18333333333333332, 0.04, 2.0, 3.0]
  1.233085560697 | [0.435, 0.6333333333333333, 0.96, 2.0, 3.0]
  1.689824325188 | [0.5875, 0.03333333333333333, 0.3, 1.0, 1.0]
  1.704733809458 | [0.6275, 0.05, 0.14, 1.0, 1.0]
  0.675976659689 | [0.425, 0.75, 0.94, 2.0, 2.0]
  1.436527448784 | [0.375, 0.8, 0.34, 1.0, 3.0]
  1.111856555496 | [0.3, 0.5333333333333333, 0.68, 1.0, 2.0]
  1.367671378657 | [0.65, 0.08333333333333333, 0.52, 1.0, 2.0]
  1.418679207729 | [0.8075, 0.16666666666666666, 0.02, 2.0, 3.0]
  1.432654878189 | [0.025, 0.7833333333333333, 0.54, 1.0, 1.0]
  1.629417073680 | [0.575, 0.38333333333333336, 0.84, 1.0, 1.0]
  1.276131306375 | [0.775, 0.4166666666666667, 0.52, 1.0, 2.0]
  0.975704873412 | [0.885, 0.23333333333333334, 0.22, 2.0, 2.0]
  1.121472556260 | [0.0975, 0.9166666666666666, 0.84, 1.0, 2.0]
  0.079096460097 | [0.1375, 0.7833333333333333, 0.4, 2.0, 2.0]
The neighbors that are nearest: 
  0.079096460097 | [0.1375, 0.7833333333333333, 0.4, 2.0, 2.0]
  0.221835775092 | [0.275, 0.8666666666666667, 0.5, 2.0, 2.0]
  0.270658918197 | [0.2125, 0.6333333333333333, 0.5, 2.0, 2.0]
  0.322388008117 | [0.2775, 0.55, 0.36, 2.0, 2.0]
  0.559022584516 | [0.1275, 0.2833333333333333, 0.24, 2.0, 2.0]
  0.675976659689 | [0.425, 0.75, 0.94, 2.0, 2.0]
The class assigned is: medium

Classifying record: [0.375, 0.5, 0.4, 1.0, 1.0]
Comparative distances: 
  0.724379044423 | [0.55, 0.95, 0.94, 1.0, 1.0]
  1.106602658791 | [0.69, 0.2833333333333333, 0.68, 1.0, 2.0]
  1.072077746455 | [0.3775, 0.2833333333333333, 0.08, 2.0, 1.0]
  1.419015944237 | [0.2775, 0.55, 0.36, 2.0, 2.0]
  1.097517400520 | [0.675, 0.7166666666666667, 0.14, 2.0, 1.0]
  1.558081307605 | [0.0525, 0.9833333333333333, 0.7, 2.0, 3.0]
  0.599020033053 | [0.21, 0.7, 0.94, 1.0, 1.0]
  1.092222822708 | [0.2125, 0.8833333333333333, 0.54, 2.0, 1.0]
  1.530621696493 | [0.63, 0.6666666666666666, 0.9, 2.0, 3.0]
  1.244940873205 | [0.825, 0.03333333333333333, 0.76, 2.0, 1.0]
  0.457894486875 | [0.2825, 0.8333333333333334, 0.7, 1.0, 1.0]
  1.190113206566 | [0.88, 0.8833333333333333, 0.28, 1.0, 3.0]
  1.562938827266 | [0.925, 0.8166666666666667, 0.6, 2.0, 2.0]
  1.111805338677 | [0.525, 0.08333333333333333, 0.6, 1.0, 2.0]
  0.322042095247 | [0.325, 0.6833333333333333, 0.14, 1.0, 1.0]
  1.433242487431 | [0.2125, 0.6333333333333333, 0.5, 2.0, 2.0]
  1.096175168483 | [0.775, 0.3, 0.44, 2.0, 1.0]
  1.069906862509 | [0.0875, 0.5666666666666667, 0.64, 1.0, 3.0]
  1.114775762205 | [0.15, 0.75, 0.04, 1.0, 2.0]
  1.427632315331 | [0.4025, 0.36666666666666664, 0.54, 2.0, 3.0]
  1.166029587960 | [0.14, 0.9, 0.78, 2.0, 1.0]
  1.169083508565 | [0.5625, 0.3, 0.94, 2.0, 1.0]
  1.116408241241 | [0.4275, 0.9833333333333333, 0.5, 1.0, 2.0]
  1.429844834239 | [0.2075, 0.4, 0.32, 2.0, 3.0]
  1.118103863690 | [0.7625, 0.6, 0.1, 1.0, 2.0]
  1.541060466403 | [0.2875, 0.08333333333333333, 0.84, 2.0, 3.0]
  1.159094773711 | [0.3875, 0.4166666666666667, 0.98, 1.0, 2.0]
  0.250355303075 | [0.305, 0.36666666666666664, 0.6, 1.0, 1.0]
  1.593498073770 | [0.9, 0.08333333333333333, 0.7, 2.0, 3.0]
  0.450148895120 | [0.7025, 0.3333333333333333, 0.66, 1.0, 1.0]
  1.476313915729 | [0.65, 0.18333333333333332, 0.34, 2.0, 2.0]
  1.241231747096 | [0.8075, 0.1, 0.84, 1.0, 2.0]
  1.589024858207 | [0.925, 0.25, 0.0, 2.0, 2.0]
  1.230007057341 | [0.1125, 0.08333333333333333, 0.92, 2.0, 1.0]
  1.520238468135 | [0.03, 0.25, 0.76, 2.0, 2.0]
  1.037207790175 | [0.145, 0.35, 0.42, 1.0, 3.0]
  0.714150622145 | [0.625, 0.16666666666666666, 0.98, 1.0, 1.0]
  1.055293534730 | [0.335, 0.26666666666666666, 0.16, 1.0, 3.0]
  0.429586364360 | [0.025, 0.5666666666666667, 0.16, 1.0, 1.0]
  0.261555177947 | [0.155, 0.38333333333333336, 0.32, 1.0, 1.0]
  1.590859524841 | [0.0875, 0.03333333333333333, 0.88, 2.0, 2.0]
  1.470172183793 | [0.2575, 0.8, 0.16, 2.0, 3.0]
  1.460753468058 | [0.1275, 0.2833333333333333, 0.24, 2.0, 2.0]
  1.007225286506 | [0.44, 0.5166666666666667, 0.5, 2.0, 1.0]
  1.114870445886 | [0.04, 0.5333333333333333, 0.76, 1.0, 3.0]
  1.033893665282 | [0.36, 0.4666666666666667, 0.14, 1.0, 2.0]
  1.091533070705 | [0.165, 0.11666666666666667, 0.42, 1.0, 2.0]
  0.295297637045 | [0.2625, 0.4166666666666667, 0.66, 1.0, 1.0]
  1.626863248026 | [0.9375, 0.21666666666666667, 0.9, 2.0, 3.0]
  1.073271219734 | [0.155, 0.23333333333333334, 0.22, 1.0, 3.0]
  1.532721798341 | [0.38, 0.016666666666666666, 0.06, 2.0, 3.0]
  1.588784475978 | [0.95, 0.31666666666666665, 0.8, 2.0, 3.0]
  1.046807647087 | [0.2375, 0.75, 0.28, 1.0, 3.0]
  1.082920754769 | [0.4725, 0.6833333333333333, 0.04, 2.0, 1.0]
  1.093180883680 | [0.525, 0.11666666666666667, 0.56, 1.0, 3.0]
  1.148404992926 | [0.0875, 0.9333333333333333, 0.62, 1.0, 3.0]
  1.446452557120 | [0.15, 0.7, 0.36, 2.0, 3.0]
  1.069766329625 | [0.175, 0.2, 0.52, 2.0, 1.0]
  1.108222112213 | [0.3675, 0.95, 0.24, 2.0, 1.0]
  1.467802590420 | [0.275, 0.8666666666666667, 0.5, 2.0, 2.0]
  1.142979780126 | [0.43, 0.06666666666666667, 0.06, 1.0, 2.0]
  1.443249612660 | [0.65, 0.5833333333333334, 0.42, 2.0, 3.0]
  0.424448171158 | [0.6075, 0.85, 0.34, 1.0, 1.0]
  0.674467382458 | [0.1325, 0.05, 0.84, 1.0, 1.0]
  1.568527263957 | [0.855, 0.18333333333333332, 0.04, 2.0, 3.0]
  1.528063407643 | [0.435, 0.6333333333333333, 0.96, 2.0, 3.0]
  0.522430883254 | [0.5875, 0.03333333333333333, 0.3, 1.0, 1.0]
  0.577802950840 | [0.6275, 0.05, 0.14, 1.0, 1.0]
  1.535122144977 | [0.425, 0.75, 0.94, 2.0, 2.0]
  1.045753316992 | [0.375, 0.8, 0.34, 1.0, 3.0]
  1.041698666175 | [0.3, 0.5333333333333333, 0.68, 1.0, 2.0]
  1.124115701834 | [0.65, 0.08333333333333333, 0.52, 1.0, 2.0]
  1.562871511388 | [0.8075, 0.16666666666666666, 0.02, 2.0, 3.0]
  0.471569483509 | [0.025, 0.7833333333333333, 0.54, 1.0, 1.0]
  0.497203289521 | [0.575, 0.38333333333333336, 0.84, 1.0, 1.0]
  1.086896703668 | [0.775, 0.4166666666666667, 0.52, 1.0, 2.0]
  1.537404016877 | [0.885, 0.23333333333333334, 0.22, 2.0, 2.0]
  1.201755949064 | [0.0975, 0.9166666666666666, 0.84, 1.0, 2.0]
  1.461740068472 | [0.1375, 0.7833333333333333, 0.4, 2.0, 2.0]
The neighbors that are nearest: 
  0.250355303075 | [0.305, 0.36666666666666664, 0.6, 1.0, 1.0]
  0.261555177947 | [0.155, 0.38333333333333336, 0.32, 1.0, 1.0]
  0.295297637045 | [0.2625, 0.4166666666666667, 0.66, 1.0, 1.0]
  0.322042095247 | [0.325, 0.6833333333333333, 0.14, 1.0, 1.0]
  0.424448171158 | [0.6075, 0.85, 0.34, 1.0, 1.0]
  0.429586364360 | [0.025, 0.5666666666666667, 0.16, 1.0, 1.0]
The class assigned is: high

Classifying record: [0.325, 0.3333333333333333, 0.7, 1.0, 2.0]
Comparative distances: 
  1.220042121312 | [0.55, 0.95, 0.94, 1.0, 1.0]
  0.368951216287 | [0.69, 0.2833333333333333, 0.68, 1.0, 2.0]
  1.545851302680 | [0.3775, 0.2833333333333333, 0.08, 2.0, 1.0]
  1.079259326781 | [0.2775, 0.55, 0.36, 2.0, 2.0]
  1.607185255172 | [0.675, 0.7166666666666667, 0.14, 2.0, 1.0]
  1.580112733319 | [0.0525, 0.9833333333333333, 0.7, 2.0, 3.0]
  1.097847641726 | [0.21, 0.7, 0.94, 1.0, 1.0]
  1.529953022154 | [0.2125, 0.8833333333333333, 0.54, 2.0, 1.0]
  1.498044095182 | [0.63, 0.6666666666666666, 0.9, 2.0, 3.0]
  1.530882098660 | [0.825, 0.03333333333333333, 0.76, 2.0, 1.0]
  1.118841476707 | [0.2825, 0.8333333333333334, 0.7, 1.0, 1.0]
  1.336759140608 | [0.88, 0.8833333333333333, 0.28, 1.0, 3.0]
  1.266337676574 | [0.925, 0.8166666666666667, 0.6, 2.0, 2.0]
  0.335410196624 | [0.525, 0.08333333333333333, 0.6, 1.0, 2.0]
  1.198373898247 | [0.325, 0.6833333333333333, 0.14, 1.0, 1.0]
  1.068951004489 | [0.2125, 0.6333333333333333, 0.5, 2.0, 2.0]
  1.507053785075 | [0.775, 0.3, 0.44, 2.0, 1.0]
  1.055675468335 | [0.0875, 0.5666666666666667, 0.64, 1.0, 3.0]
  0.799897562886 | [0.15, 0.75, 0.04, 1.0, 2.0]
  1.425733972770 | [0.4025, 0.36666666666666664, 0.54, 2.0, 3.0]
  1.536794101729 | [0.14, 0.9, 0.78, 2.0, 1.0]
  1.454344306246 | [0.5625, 0.3, 0.94, 2.0, 1.0]
  0.687754498349 | [0.4275, 0.9833333333333333, 0.5, 1.0, 2.0]
  1.470595353740 | [0.2075, 0.4, 0.32, 2.0, 3.0]
  0.788997693983 | [0.7625, 0.6, 0.1, 1.0, 2.0]
  1.443435571821 | [0.2875, 0.08333333333333333, 0.84, 2.0, 3.0]
  0.298748547183 | [0.3875, 0.4166666666666667, 0.98, 1.0, 2.0]
  1.005739086995 | [0.305, 0.36666666666666664, 0.6, 1.0, 1.0]
  1.546972850440 | [0.9, 0.08333333333333333, 0.7, 2.0, 3.0]
  1.069629024475 | [0.7025, 0.3333333333333333, 0.66, 1.0, 1.0]
  1.121483392654 | [0.65, 0.18333333333333332, 0.34, 2.0, 2.0]
  0.553941056832 | [0.8075, 0.1, 0.84, 1.0, 2.0]
  1.362697488235 | [0.925, 0.25, 0.0, 2.0, 2.0]
  1.468351541695 | [0.1125, 0.08333333333333333, 0.92, 2.0, 1.0]
  1.047649485488 | [0.03, 0.25, 0.76, 2.0, 2.0]
  1.054076741882 | [0.145, 0.35, 0.42, 1.0, 3.0]
  1.093699125800 | [0.625, 0.16666666666666666, 0.98, 1.0, 1.0]
  1.138483396648 | [0.335, 0.26666666666666666, 0.16, 1.0, 3.0]
  1.198350718464 | [0.025, 0.5666666666666667, 0.16, 1.0, 1.0]
  1.084343119127 | [0.155, 0.38333333333333336, 0.32, 1.0, 1.0]
  1.085728442106 | [0.0875, 0.03333333333333333, 0.88, 2.0, 2.0]
  1.585539033823 | [0.2575, 0.8, 0.16, 2.0, 3.0]
  1.119422284037 | [0.1275, 0.2833333333333333, 0.24, 2.0, 2.0]
  1.444588561186 | [0.44, 0.5166666666666667, 0.5, 2.0, 1.0]
  1.060577672780 | [0.04, 0.5333333333333333, 0.76, 1.0, 3.0]
  0.576717242483 | [0.36, 0.4666666666666667, 0.14, 1.0, 2.0]
  0.388515693948 | [0.165, 0.11666666666666667, 0.42, 1.0, 2.0]
  1.006206089449 | [0.2625, 0.4166666666666667, 0.66, 1.0, 1.0]
  1.558450307552 | [0.9375, 0.21666666666666667, 0.9, 2.0, 3.0]
  1.126632149372 | [0.155, 0.23333333333333334, 0.22, 1.0, 3.0]
  1.585213795605 | [0.38, 0.016666666666666666, 0.06, 2.0, 3.0]
  1.549484681362 | [0.95, 0.31666666666666665, 0.8, 2.0, 3.0]
  1.165189839086 | [0.2375, 0.75, 0.28, 1.0, 3.0]
  1.606193092377 | [0.4725, 0.6833333333333333, 0.04, 2.0, 1.0]
  1.051924162876 | [0.525, 0.11666666666666667, 0.56, 1.0, 3.0]
  1.192814423957 | [0.0875, 0.9333333333333333, 0.62, 1.0, 3.0]
  1.510188545991 | [0.15, 0.7, 0.36, 2.0, 3.0]
  1.439679748339 | [0.175, 0.2, 0.52, 2.0, 1.0]
  1.610491858960 | [0.3675, 0.95, 0.24, 2.0, 1.0]
  1.151930746375 | [0.275, 0.8666666666666667, 0.5, 2.0, 2.0]
  0.701238982880 | [0.43, 0.06666666666666667, 0.06, 1.0, 2.0]
  1.498841219075 | [0.65, 0.5833333333333334, 0.42, 2.0, 3.0]
  1.215051725007 | [0.6075, 0.85, 0.34, 1.0, 1.0]
  1.066271085502 | [0.1325, 0.05, 0.84, 1.0, 1.0]
  1.654992447112 | [0.855, 0.18333333333333332, 0.04, 2.0, 3.0]
  1.472990156111 | [0.435, 0.6333333333333333, 0.96, 2.0, 3.0]
  1.148436437074 | [0.5875, 0.03333333333333333, 0.3, 1.0, 1.0]
  1.218763319015 | [0.6275, 0.05, 0.14, 1.0, 1.0]
  1.114096544789 | [0.425, 0.75, 0.94, 2.0, 2.0]
  1.161842406601 | [0.375, 0.8, 0.34, 1.0, 3.0]
  0.202546291005 | [0.3, 0.5333333333333333, 0.68, 1.0, 2.0]
  0.447800178651 | [0.65, 0.08333333333333333, 0.52, 1.0, 2.0]
  1.650146668565 | [0.8075, 0.16666666666666666, 0.02, 2.0, 3.0]
  1.148085362679 | [0.025, 0.7833333333333333, 0.54, 1.0, 1.0]
  1.041441308956 | [0.575, 0.38333333333333336, 0.84, 1.0, 1.0]
  0.491776823817 | [0.775, 0.4166666666666667, 0.52, 1.0, 2.0]
  1.246595363379 | [0.885, 0.23333333333333334, 0.22, 2.0, 2.0]
  0.641587116281 | [0.0975, 0.9166666666666666, 0.84, 1.0, 2.0]
  1.152239666909 | [0.1375, 0.7833333333333333, 0.4, 2.0, 2.0]
The neighbors that are nearest: 
  0.202546291005 | [0.3, 0.5333333333333333, 0.68, 1.0, 2.0]
  0.298748547183 | [0.3875, 0.4166666666666667, 0.98, 1.0, 2.0]
  0.335410196624 | [0.525, 0.08333333333333333, 0.6, 1.0, 2.0]
  0.368951216287 | [0.69, 0.2833333333333333, 0.68, 1.0, 2.0]
  0.388515693948 | [0.165, 0.11666666666666667, 0.42, 1.0, 2.0]
  0.447800178651 | [0.65, 0.08333333333333333, 0.52, 1.0, 2.0]
The class assigned is: medium

Classifying record: [0.525, 0.5, 0.7, 2.0, 1.0]
Comparative distances: 
  1.122820110258 | [0.55, 0.95, 0.94, 1.0, 1.0]
  1.440336573320 | [0.69, 0.2833333333333333, 0.68, 1.0, 2.0]
  0.673127546936 | [0.3775, 0.2833333333333333, 0.08, 2.0, 1.0]
  1.085981698740 | [0.2775, 0.55, 0.36, 2.0, 2.0]
  0.618905844571 | [0.675, 0.7166666666666667, 0.14, 2.0, 1.0]
  1.207007606070 | [0.0525, 0.9833333333333333, 0.7, 2.0, 3.0]
  1.093994972566 | [0.21, 0.7, 0.94, 1.0, 1.0]
  0.519808324716 | [0.2125, 0.8833333333333333, 0.54, 2.0, 1.0]
  1.038654311009 | [0.63, 0.6666666666666666, 0.9, 2.0, 3.0]
  0.558012345542 | [0.825, 0.03333333333333333, 0.76, 2.0, 1.0]
  1.081627182124 | [0.2825, 0.8333333333333334, 0.7, 1.0, 1.0]
  1.565046147704 | [0.88, 0.8833333333333333, 0.28, 1.0, 3.0]
  1.127066004179 | [0.925, 0.8166666666666667, 0.6, 2.0, 2.0]
  1.477704676554 | [0.525, 0.08333333333333333, 0.6, 1.0, 2.0]
  1.177799266051 | [0.325, 0.6833333333333333, 0.14, 1.0, 1.0]
  1.074911172040 | [0.2125, 0.6333333333333333, 0.5, 2.0, 2.0]
  0.412431812546 | [0.775, 0.3, 0.44, 2.0, 1.0]
  1.483054514994 | [0.0875, 0.5666666666666667, 0.64, 1.0, 3.0]
  1.624415279415 | [0.15, 0.75, 0.04, 1.0, 2.0]
  1.028777929282 | [0.4025, 0.36666666666666664, 0.54, 2.0, 3.0]
  0.560914431976 | [0.14, 0.9, 0.78, 2.0, 1.0]
  0.314652586196 | [0.5625, 0.3, 0.94, 2.0, 1.0]
  1.510998795866 | [0.4275, 0.9833333333333333, 0.5, 1.0, 2.0]
  1.120359875218 | [0.2075, 0.4, 0.32, 2.0, 3.0]
  1.557692604463 | [0.7625, 0.6, 0.1, 1.0, 2.0]
  1.117862854339 | [0.2875, 0.08333333333333333, 0.84, 2.0, 3.0]
  1.450603562123 | [0.3875, 0.4166666666666667, 0.98, 1.0, 2.0]
  1.037389887061 | [0.305, 0.36666666666666664, 0.6, 1.0, 1.0]
  1.146401374349 | [0.9, 0.08333333333333333, 0.7, 2.0, 3.0]
  1.029992246464 | [0.7025, 0.3333333333333333, 0.66, 1.0, 1.0]
  1.116020957588 | [0.65, 0.18333333333333332, 0.34, 2.0, 2.0]
  1.503132146552 | [0.8075, 0.1, 0.84, 1.0, 2.0]
  1.308625232830 | [0.925, 0.25, 0.0, 2.0, 2.0]
  0.626232673302 | [0.1125, 0.08333333333333333, 0.92, 2.0, 1.0]
  1.145043667289 | [0.03, 0.25, 0.76, 2.0, 2.0]
  1.498432514329 | [0.145, 0.35, 0.42, 1.0, 3.0]
  1.095221946050 | [0.625, 0.16666666666666666, 0.98, 1.0, 1.0]
  1.543419724003 | [0.335, 0.26666666666666666, 0.16, 1.0, 3.0]
  1.243400355655 | [0.025, 0.5666666666666667, 0.16, 1.0, 1.0]
  1.137941611468 | [0.155, 0.38333333333333336, 0.32, 1.0, 1.0]
  1.200659830167 | [0.0875, 0.03333333333333333, 0.88, 2.0, 2.0]
  1.205469306950 | [0.2575, 0.8, 0.16, 2.0, 3.0]
  1.190189352348 | [0.1275, 0.2833333333333333, 0.24, 2.0, 2.0]
  0.217951319743 | [0.44, 0.5166666666666667, 0.5, 2.0, 1.0]
  1.496641610777 | [0.04, 0.5333333333333333, 0.76, 1.0, 3.0]
  1.530338560943 | [0.36, 0.4666666666666667, 0.14, 1.0, 2.0]
  1.534582824237 | [0.165, 0.11666666666666667, 0.42, 1.0, 2.0]
  1.038003224679 | [0.2625, 0.4166666666666667, 0.66, 1.0, 1.0]
  1.135972723166 | [0.9375, 0.21666666666666667, 0.9, 2.0, 3.0]
  1.561541261418 | [0.155, 0.23333333333333334, 0.22, 1.0, 3.0]
  1.290052755165 | [0.38, 0.016666666666666666, 0.06, 2.0, 3.0]
  1.106452037420 | [0.95, 0.31666666666666665, 0.8, 2.0, 3.0]
  1.523665399620 | [0.2375, 0.75, 0.28, 1.0, 3.0]
  0.686998807212 | [0.4725, 0.6833333333333333, 0.04, 2.0, 1.0]
  1.471918626977 | [0.525, 0.11666666666666667, 0.56, 1.0, 3.0]
  1.544533595548 | [0.0875, 0.9333333333333333, 0.62, 1.0, 3.0]
  1.138518774548 | [0.15, 0.7, 0.36, 2.0, 3.0]
  0.494873721266 | [0.175, 0.2, 0.52, 2.0, 1.0]
  0.6625         | [0.3675, 0.95, 0.24, 2.0, 1.0]
  1.112180041380 | [0.275, 0.8666666666666667, 0.5, 2.0, 2.0]
  1.614435745942 | [0.43, 0.06666666666666667, 0.06, 1.0, 2.0]
  1.049270910892 | [0.65, 0.5833333333333334, 0.42, 2.0, 3.0]
  1.122009915285 | [0.6075, 0.85, 0.34, 1.0, 1.0]
  1.173096863008 | [0.1325, 0.05, 0.84, 1.0, 1.0]
  1.282488899670 | [0.855, 0.18333333333333332, 0.04, 2.0, 3.0]
  1.045694877953 | [0.435, 0.6333333333333333, 0.96, 2.0, 3.0]
  1.175450563731 | [0.5875, 0.03333333333333333, 0.3, 1.0, 1.0]
  1.235559083977 | [0.6275, 0.05, 0.14, 1.0, 1.0]
  1.063061616276 | [0.425, 0.75, 0.94, 2.0, 2.0]
  1.497364351118 | [0.375, 0.8, 0.34, 1.0, 3.0]
  1.432527874462 | [0.3, 0.5333333333333333, 0.68, 1.0, 2.0]
  1.490515384392 | [0.65, 0.08333333333333333, 0.52, 1.0, 2.0]
  1.285813890542 | [0.8075, 0.16666666666666666, 0.02, 2.0, 3.0]
  1.164421649480 | [0.025, 0.7833333333333333, 0.54, 1.0, 1.0]
  1.017698929502 | [0.575, 0.38333333333333336, 0.84, 1.0, 1.0]
  1.449773928736 | [0.775, 0.4166666666666667, 0.52, 1.0, 2.0]
  1.196290562995 | [0.885, 0.23333333333333334, 0.22, 2.0, 2.0]
  1.541417322178 | [0.0975, 0.9166666666666666, 0.84, 1.0, 2.0]
  1.149101400128 | [0.1375, 0.7833333333333333, 0.4, 2.0, 2.0]
The neighbors that are nearest: 
  0.217951319743 | [0.44, 0.5166666666666667, 0.5, 2.0, 1.0]
  0.314652586196 | [0.5625, 0.3, 0.94, 2.0, 1.0]
  0.412431812546 | [0.775, 0.3, 0.44, 2.0, 1.0]
  0.494873721266 | [0.175, 0.2, 0.52, 2.0, 1.0]
  0.519808324716 | [0.2125, 0.8833333333333333, 0.54, 2.0, 1.0]
  0.558012345542 | [0.825, 0.03333333333333333, 0.76, 2.0, 1.0]
The class assigned is: high

Classifying record: [0.425, 0.5833333333333334, 0.3, 1.0, 1.0]
Comparative distances: 
  0.748110583031 | [0.55, 0.95, 0.94, 1.0, 1.0]
  1.142201821045 | [0.69, 0.2833333333333333, 0.68, 1.0, 2.0]
  1.068015098207 | [0.3775, 0.2833333333333333, 0.08, 2.0, 1.0]
  1.423540431849 | [0.2775, 0.55, 0.36, 2.0, 2.0]
  1.051607235510 | [0.675, 0.7166666666666667, 0.14, 2.0, 1.0]
  1.568042170989 | [0.0525, 0.9833333333333333, 0.7, 2.0, 3.0]
  0.685154078372 | [0.21, 0.7, 0.94, 1.0, 1.0]
  1.092133805904 | [0.2125, 0.8833333333333333, 0.54, 2.0, 1.0]
  1.552085514539 | [0.63, 0.6666666666666666, 0.9, 2.0, 3.0]
  1.293870163501 | [0.825, 0.03333333333333333, 0.76, 2.0, 1.0]
  0.492753741741 | [0.2825, 0.8333333333333334, 0.7, 1.0, 1.0]
  1.139045653167 | [0.88, 0.8833333333333333, 0.28, 1.0, 3.0]
  1.547399251791 | [0.925, 0.8166666666666667, 0.6, 2.0, 2.0]
  1.161895003862 | [0.525, 0.08333333333333333, 0.6, 1.0, 2.0]
  0.213541565040 | [0.325, 0.6833333333333333, 0.14, 1.0, 1.0]
  1.444872399210 | [0.2125, 0.6333333333333333, 0.5, 2.0, 2.0]
  1.105611947193 | [0.775, 0.3, 0.44, 2.0, 1.0]
  1.108956278569 | [0.0875, 0.5666666666666667, 0.64, 1.0, 3.0]
  1.082128817552 | [0.15, 0.75, 0.04, 1.0, 2.0]
  1.450879283208 | [0.4025, 0.36666666666666664, 0.54, 2.0, 3.0]
  1.188235152559 | [0.14, 0.9, 0.78, 2.0, 1.0]
  1.228325701016 | [0.5625, 0.3, 0.94, 2.0, 1.0]
  1.095447967728 | [0.4275, 0.9833333333333333, 0.5, 1.0, 2.0]
  1.442677150685 | [0.2075, 0.4, 0.32, 2.0, 3.0]
  1.074329571303 | [0.7625, 0.6, 0.1, 1.0, 2.0]
  1.600158195304 | [0.2875, 0.08333333333333333, 0.84, 2.0, 3.0]
  1.221304232277 | [0.3875, 0.4166666666666667, 0.98, 1.0, 2.0]
  0.389030133080 | [0.305, 0.36666666666666664, 0.6, 1.0, 1.0]
  1.623460809505 | [0.9, 0.08333333333333333, 0.7, 2.0, 3.0]
  0.518754518052 | [0.7025, 0.3333333333333333, 0.66, 1.0, 1.0]
  1.487355034952 | [0.65, 0.18333333333333332, 0.34, 2.0, 2.0]
  1.292871749676 | [0.8075, 0.1, 0.84, 1.0, 2.0]
  1.565602475442 | [0.925, 0.25, 0.0, 2.0, 2.0]
  1.316076080627 | [0.1125, 0.08333333333333333, 0.92, 2.0, 1.0]
  1.574400238538 | [0.03, 0.25, 0.76, 2.0, 2.0]
  1.071094974521 | [0.145, 0.35, 0.42, 1.0, 3.0]
  0.822198948619 | [0.625, 0.16666666666666666, 0.98, 1.0, 1.0]
  1.062062982020 | [0.335, 0.26666666666666666, 0.16, 1.0, 3.0]
  0.424120003982 | [0.025, 0.5666666666666667, 0.16, 1.0, 1.0]
  0.336600653594 | [0.155, 0.38333333333333336, 0.32, 1.0, 1.0]
  1.659158295642 | [0.0875, 0.03333333333333333, 0.88, 2.0, 2.0]
  1.447273538224 | [0.2575, 0.8, 0.16, 2.0, 3.0]
  1.477195400074 | [0.1275, 0.2833333333333333, 0.24, 2.0, 2.0]
  1.022090722218 | [0.44, 0.5166666666666667, 0.5, 2.0, 1.0]
  1.167186788821 | [0.04, 0.5333333333333333, 0.76, 1.0, 3.0]
  1.021487205554 | [0.36, 0.4666666666666667, 0.14, 1.0, 2.0]
  1.140077970043 | [0.165, 0.11666666666666667, 0.42, 1.0, 2.0]
  0.428700393955 | [0.2625, 0.4166666666666667, 0.66, 1.0, 1.0]
  1.660451954873 | [0.9375, 0.21666666666666667, 0.9, 2.0, 3.0]
  1.096266390983 | [0.155, 0.23333333333333334, 0.22, 1.0, 3.0]
  1.542963418591 | [0.38, 0.016666666666666666, 0.06, 2.0, 3.0]
  1.611439142850 | [0.95, 0.31666666666666665, 0.8, 2.0, 3.0]
  1.031180889940 | [0.2375, 0.75, 0.28, 1.0, 3.0]
  1.039161320488 | [0.4725, 0.6833333333333333, 0.04, 2.0, 1.0]
  1.138146641596 | [0.525, 0.11666666666666667, 0.56, 1.0, 3.0]
  1.157067953924 | [0.0875, 0.9333333333333333, 0.62, 1.0, 3.0]
  1.446663786479 | [0.15, 0.7, 0.36, 2.0, 3.0]
  1.121536644271 | [0.175, 0.2, 0.52, 2.0, 1.0]
  1.068340158584 | [0.3675, 0.95, 0.24, 2.0, 1.0]
  1.463823000836 | [0.275, 0.8666666666666667, 0.5, 2.0, 2.0]
  1.150899406744 | [0.43, 0.06666666666666667, 0.06, 1.0, 2.0]
  1.437019484906 | [0.65, 0.5833333333333334, 0.42, 2.0, 3.0]
  0.325603072944 | [0.6075, 0.85, 0.34, 1.0, 1.0]
  0.813388403190 | [0.1325, 0.05, 0.84, 1.0, 1.0]
  1.553222456700 | [0.855, 0.18333333333333332, 0.04, 2.0, 3.0]
  1.561473662922 | [0.435, 0.6333333333333333, 0.96, 2.0, 3.0]
  0.573503487347 | [0.5875, 0.03333333333333333, 0.3, 1.0, 1.0]
  0.592495311748 | [0.6275, 0.05, 0.14, 1.0, 1.0]
  1.561210356671 | [0.425, 0.75, 0.94, 2.0, 2.0]
  1.025204586628 | [0.375, 0.8, 0.34, 1.0, 3.0]
  1.078204526052 | [0.3, 0.5333333333333333, 0.68, 1.0, 2.0]
  1.161475354882 | [0.65, 0.08333333333333333, 0.52, 1.0, 2.0]
  1.548650173896 | [0.8075, 0.16666666666666666, 0.02, 2.0, 3.0]
  0.507543101617 | [0.025, 0.7833333333333333, 0.54, 1.0, 1.0]
  0.595063021872 | [0.575, 0.38333333333333336, 0.84, 1.0, 1.0]
  1.094841439559 | [0.775, 0.4166666666666667, 0.52, 1.0, 2.0]
  1.529869275461 | [0.885, 0.23333333333333334, 0.22, 2.0, 2.0]
  1.228807292097 | [0.0975, 0.9166666666666666, 0.84, 1.0, 2.0]
  1.460361684652 | [0.1375, 0.7833333333333333, 0.4, 2.0, 2.0]
The neighbors that are nearest: 
  0.213541565040 | [0.325, 0.6833333333333333, 0.14, 1.0, 1.0]
  0.325603072944 | [0.6075, 0.85, 0.34, 1.0, 1.0]
  0.336600653594 | [0.155, 0.38333333333333336, 0.32, 1.0, 1.0]
  0.389030133080 | [0.305, 0.36666666666666664, 0.6, 1.0, 1.0]
  0.424120003982 | [0.025, 0.5666666666666667, 0.16, 1.0, 1.0]
  0.428700393955 | [0.2625, 0.4166666666666667, 0.66, 1.0, 1.0]
The class assigned is: high

Classifying record: [0.25, 0.8333333333333334, 0.9, 2.0, 2.0]
Comparative distances: 
  1.450934564724 | [0.55, 0.95, 0.94, 1.0, 1.0]
  1.242779143693 | [0.69, 0.2833333333333333, 0.68, 1.0, 2.0]
  1.411083360400 | [0.3775, 0.2833333333333333, 0.08, 2.0, 1.0]
  0.610437570745 | [0.2775, 0.55, 0.36, 2.0, 2.0]
  1.331103343512 | [0.675, 0.7166666666666667, 0.14, 2.0, 1.0]
  1.049526679032 | [0.0525, 0.9833333333333333, 0.7, 2.0, 3.0]
  1.421610979761 | [0.21, 0.7, 0.94, 1.0, 1.0]
  1.064662505209 | [0.2125, 0.8833333333333333, 0.54, 2.0, 1.0]
  1.082671592763 | [0.63, 0.6666666666666666, 0.9, 2.0, 3.0]
  1.410753344848 | [0.825, 0.03333333333333333, 0.76, 2.0, 1.0]
  1.428655399317 | [0.2825, 0.8333333333333334, 0.7, 1.0, 1.0]
  1.668472355180 | [0.88, 0.8833333333333333, 0.28, 1.0, 3.0]
  0.738852338277 | [0.925, 0.8166666666666667, 0.6, 2.0, 2.0]
  1.314581682513 | [0.525, 0.08333333333333333, 0.6, 1.0, 2.0]
  1.614225820633 | [0.325, 0.6833333333333333, 0.14, 1.0, 1.0]
  0.448783076775 | [0.2125, 0.6333333333333333, 0.5, 2.0, 2.0]
  1.331040737334 | [0.775, 0.3, 0.44, 2.0, 1.0]
  1.471433777344 | [0.0875, 0.5666666666666667, 0.64, 1.0, 3.0]
  1.325346914752 | [0.15, 0.75, 0.04, 1.0, 2.0]
  1.170740802986 | [0.4025, 0.36666666666666664, 0.54, 2.0, 3.0]
  1.015354344278 | [0.14, 0.9, 0.78, 2.0, 1.0]
  1.176308078032 | [0.5625, 0.3, 0.94, 2.0, 1.0]
  1.101819517888 | [0.4275, 0.9833333333333333, 0.5, 1.0, 2.0]
  1.235307260473 | [0.2075, 0.4, 0.32, 2.0, 3.0]
  1.398964150521 | [0.7625, 0.6, 0.1, 1.0, 2.0]
  1.252000898561 | [0.2875, 0.08333333333333333, 0.84, 2.0, 3.0]
  1.094950848719 | [0.3875, 0.4166666666666667, 0.98, 1.0, 2.0]
  1.520132486916 | [0.305, 0.36666666666666664, 0.6, 1.0, 1.0]
  1.423024947075 | [0.9, 0.08333333333333333, 0.7, 2.0, 3.0]
  1.585041403244 | [0.7025, 0.3333333333333333, 0.66, 1.0, 1.0]
  0.946625585963 | [0.65, 0.18333333333333332, 0.34, 2.0, 2.0]
  1.360949678635 | [0.8075, 0.1, 0.84, 1.0, 2.0]
  1.267242193812 | [0.925, 0.25, 0.0, 2.0, 2.0]
  1.257698791444 | [0.1125, 0.08333333333333333, 0.92, 2.0, 1.0]
  0.638966178899 | [0.03, 0.25, 0.76, 2.0, 2.0]
  1.573224749077 | [0.145, 0.35, 0.42, 1.0, 3.0]
  1.609804163382 | [0.625, 0.16666666666666666, 0.98, 1.0, 1.0]
  1.695858517421 | [0.335, 0.26666666666666666, 0.16, 1.0, 3.0]
  1.633810304506 | [0.025, 0.5666666666666667, 0.16, 1.0, 1.0]
  1.596222102340 | [0.155, 0.38333333333333336, 0.32, 1.0, 1.0]
  0.816582053439 | [0.0875, 0.03333333333333333, 0.88, 2.0, 2.0]
  1.244494821648 | [0.2575, 0.8, 0.16, 2.0, 3.0]
  0.867816944983 | [0.1275, 0.2833333333333333, 0.24, 2.0, 2.0]
  1.138585867547 | [0.44, 0.5166666666666667, 0.5, 2.0, 1.0]
  1.467548977036 | [0.04, 0.5333333333333333, 0.76, 1.0, 3.0]
  1.313066808827 | [0.36, 0.4666666666666667, 0.14, 1.0, 2.0]
  1.323342779143 | [0.165, 0.11666666666666667, 0.42, 1.0, 2.0]
  1.493776208510 | [0.2625, 0.4166666666666667, 0.66, 1.0, 1.0]
  1.361225193631 | [0.9375, 0.21666666666666667, 0.9, 2.0, 3.0]
  1.682683868110 | [0.155, 0.23333333333333334, 0.22, 1.0, 3.0]
  1.545782793423 | [0.38, 0.016666666666666666, 0.06, 2.0, 3.0]
  1.329264625439 | [0.95, 0.31666666666666665, 0.8, 2.0, 3.0]
  1.546447766477 | [0.2375, 0.75, 0.28, 1.0, 3.0]
  1.345959230437 | [0.4725, 0.6833333333333333, 0.04, 2.0, 1.0]
  1.644638595896 | [0.525, 0.11666666666666667, 0.56, 1.0, 3.0]
  1.454237343077 | [0.0875, 0.9333333333333333, 0.62, 1.0, 3.0]
  1.148641709924 | [0.15, 0.7, 0.36, 2.0, 3.0]
  1.245446149422 | [0.175, 0.2, 0.52, 2.0, 1.0]
  1.209552545824 | [0.3675, 0.95, 0.24, 2.0, 1.0]
  0.402164283733 | [0.275, 0.8666666666666667, 0.5, 2.0, 2.0]
  1.525050090252 | [0.43, 0.06666666666666667, 0.06, 1.0, 2.0]
  1.205363015858 | [0.65, 0.5833333333333334, 0.42, 2.0, 3.0]
  1.562588886360 | [0.6075, 0.85, 0.34, 1.0, 1.0]
  1.622041109562 | [0.1325, 0.05, 0.84, 1.0, 1.0]
  1.590007861615 | [0.855, 0.18333333333333332, 0.04, 2.0, 3.0]
  1.038183509790 | [0.435, 0.6333333333333333, 0.96, 2.0, 3.0]
  1.764626376885 | [0.5875, 0.03333333333333333, 0.3, 1.0, 1.0]
  1.825847025659 | [0.6275, 0.05, 0.14, 1.0, 1.0]
  0.197912719258 | [0.425, 0.75, 0.94, 2.0, 2.0]
  1.526543845132 | [0.375, 0.8, 0.34, 1.0, 3.0]
  1.068129205667 | [0.3, 0.5333333333333333, 0.68, 1.0, 2.0]
  1.366345490716 | [0.65, 0.08333333333333333, 0.52, 1.0, 2.0]
  1.590487565007 | [0.8075, 0.16666666666666666, 0.02, 2.0, 3.0]
  1.477404819269 | [0.025, 0.7833333333333333, 0.54, 1.0, 1.0]
  1.520435792791 | [0.575, 0.38333333333333336, 0.84, 1.0, 1.0]
  1.262393009768 | [0.775, 0.4166666666666667, 0.52, 1.0, 2.0]
  1.107079491274 | [0.885, 0.23333333333333334, 0.22, 2.0, 2.0]
  1.016759900096 | [0.0975, 0.9166666666666666, 0.84, 1.0, 2.0]
  0.514933248101 | [0.1375, 0.7833333333333333, 0.4, 2.0, 2.0]
The neighbors that are nearest: 
  0.197912719258 | [0.425, 0.75, 0.94, 2.0, 2.0]
  0.402164283733 | [0.275, 0.8666666666666667, 0.5, 2.0, 2.0]
  0.448783076775 | [0.2125, 0.6333333333333333, 0.5, 2.0, 2.0]
  0.514933248101 | [0.1375, 0.7833333333333333, 0.4, 2.0, 2.0]
  0.610437570745 | [0.2775, 0.55, 0.36, 2.0, 2.0]
  0.638966178899 | [0.03, 0.25, 0.76, 2.0, 2.0]
The class assigned is: medium

Classifying record: [0.375, 0.4166666666666667, 0.1, 1.0, 2.0]
Comparative distances: 
  1.421502530579 | [0.55, 0.95, 0.94, 1.0, 1.0]
  0.673351897433 | [0.69, 0.2833333333333333, 0.68, 1.0, 2.0]
  1.420628039909 | [0.3775, 0.2833333333333333, 0.08, 2.0, 1.0]
  1.046367061684 | [0.2775, 0.55, 0.36, 2.0, 2.0]
  1.477024035010 | [0.675, 0.7166666666666667, 0.14, 2.0, 1.0]
  1.668867089108 | [0.0525, 0.9833333333333333, 0.7, 2.0, 3.0]
  1.346515049220 | [0.21, 0.7, 0.94, 1.0, 1.0]
  1.561340458637 | [0.2125, 0.8833333333333333, 0.54, 2.0, 1.0]
  1.663587989858 | [0.63, 0.6666666666666666, 0.9, 2.0, 3.0]
  1.668845242808 | [0.825, 0.03333333333333333, 0.76, 2.0, 1.0]
  1.241840312242 | [0.2825, 0.8333333333333334, 0.7, 1.0, 1.0]
  1.226867057907 | [0.88, 0.8833333333333333, 0.28, 1.0, 3.0]
  1.308625232830 | [0.925, 0.8166666666666667, 0.6, 2.0, 2.0]
  0.619363472535 | [0.525, 0.08333333333333333, 0.6, 1.0, 2.0]
  1.036923869486 | [0.325, 0.6833333333333333, 0.14, 1.0, 1.0]
  1.110563232978 | [0.2125, 0.6333333333333333, 0.5, 2.0, 2.0]
  1.513013916363 | [0.775, 0.3, 0.44, 2.0, 1.0]
  1.181844427156 | [0.0875, 0.5666666666666667, 0.64, 1.0, 3.0]
  0.406615433931 | [0.15, 0.75, 0.04, 1.0, 2.0]
  1.482179560647 | [0.4025, 0.36666666666666664, 0.54, 2.0, 3.0]
  1.658685054828 | [0.14, 0.9, 0.78, 2.0, 1.0]
  1.659628681696 | [0.5625, 0.3, 0.94, 2.0, 1.0]
  0.695605751206 | [0.4275, 0.9833333333333333, 0.5, 1.0, 2.0]
  1.441087793223 | [0.2075, 0.4, 0.32, 2.0, 3.0]
  0.428680954919 | [0.7625, 0.6, 0.1, 1.0, 2.0]
  1.632901516047 | [0.2875, 0.08333333333333333, 0.84, 2.0, 3.0]
  0.880088773931 | [0.3875, 0.4166666666666667, 0.98, 1.0, 2.0]
  1.121338485917 | [0.305, 0.36666666666666664, 0.6, 1.0, 1.0]
  1.657328003477 | [0.9, 0.08333333333333333, 0.7, 2.0, 3.0]
  1.194906144617 | [0.7025, 0.3333333333333333, 0.66, 1.0, 1.0]
  1.089802479555 | [0.65, 0.18333333333333332, 0.34, 2.0, 2.0]
  0.913747245017 | [0.8075, 0.1, 0.84, 1.0, 2.0]
  1.157703665787 | [0.925, 0.25, 0.0, 2.0, 2.0]
  1.688910110429 | [0.1125, 0.08333333333333333, 0.92, 2.0, 1.0]
  1.257935919583 | [0.03, 0.25, 0.76, 2.0, 2.0]
  1.076914316203 | [0.145, 0.35, 0.42, 1.0, 3.0]
  1.378187215148 | [0.625, 0.16666666666666666, 0.98, 1.0, 1.0]
  1.013755394560 | [0.335, 0.26666666666666666, 0.16, 1.0, 3.0]
  1.071727577325 | [0.025, 0.5666666666666667, 0.16, 1.0, 1.0]
  1.047812536244 | [0.155, 0.38333333333333336, 0.32, 1.0, 1.0]
  1.355728842521 | [0.0875, 0.03333333333333333, 0.88, 2.0, 2.0]
  1.471173237400 | [0.2575, 0.8, 0.16, 2.0, 3.0]
  1.048157444174 | [0.1275, 0.2833333333333333, 0.24, 2.0, 2.0]
  1.474525347357 | [0.44, 0.5166666666666667, 0.5, 2.0, 1.0]
  1.249574371980 | [0.04, 0.5333333333333333, 0.76, 1.0, 3.0]
  0.065764732189 | [0.36, 0.4666666666666667, 0.14, 1.0, 2.0]
  0.486312656631 | [0.165, 0.11666666666666667, 0.42, 1.0, 2.0]
  1.151631994171 | [0.2625, 0.4166666666666667, 0.66, 1.0, 1.0]
  1.731013070430 | [0.9375, 0.21666666666666667, 0.9, 2.0, 3.0]
  1.047096514706 | [0.155, 0.23333333333333334, 0.22, 1.0, 3.0]
  1.470246577958 | [0.38, 0.016666666666666666, 0.06, 2.0, 3.0]
  1.682446135839 | [0.95, 0.31666666666666665, 0.8, 2.0, 3.0]
  1.078154609094 | [0.2375, 0.75, 0.28, 1.0, 3.0]
  1.443681876699 | [0.4725, 0.6833333333333333, 0.04, 2.0, 1.0]
  1.150695441895 | [0.525, 0.11666666666666667, 0.56, 1.0, 3.0]
  1.272792478939 | [0.0875, 0.9333333333333333, 0.62, 1.0, 3.0]
  1.482734898010 | [0.15, 0.7, 0.36, 2.0, 3.0]
  1.504441572293 | [0.175, 0.2, 0.52, 2.0, 1.0]
  1.517926445663 | [0.3675, 0.95, 0.24, 2.0, 1.0]
  1.171537451385 | [0.275, 0.8666666666666667, 0.5, 2.0, 2.0]
  0.356545929720 | [0.43, 0.06666666666666667, 0.06, 1.0, 2.0]
  1.485194525231 | [0.65, 0.5833333333333334, 0.42, 2.0, 3.0]
  1.139927202841 | [0.6075, 0.85, 0.34, 1.0, 1.0]
  1.319413011321 | [0.1325, 0.05, 0.84, 1.0, 1.0]
  1.512760537707 | [0.855, 0.18333333333333332, 0.04, 2.0, 3.0]
  1.670372546602 | [0.435, 0.6333333333333333, 0.96, 2.0, 3.0]
  1.110000312812 | [0.5875, 0.03333333333333333, 0.3, 1.0, 1.0]
  1.095354141108 | [0.6275, 0.05, 0.14, 1.0, 1.0]
  1.348781342957 | [0.425, 0.75, 0.94, 2.0, 2.0]
  1.097517400520 | [0.375, 0.8, 0.34, 1.0, 3.0]
  0.596352338061 | [0.3, 0.5333333333333333, 0.68, 1.0, 2.0]
  0.602607758920 | [0.65, 0.08333333333333333, 0.52, 1.0, 2.0]
  1.501984104443 | [0.8075, 0.16666666666666666, 0.02, 2.0, 3.0]
  1.204385504912 | [0.025, 0.7833333333333333, 0.54, 1.0, 1.0]
  1.260440839988 | [0.575, 0.38333333333333336, 0.84, 1.0, 1.0]
  0.580000000000 | [0.775, 0.4166666666666667, 0.52, 1.0, 2.0]
  1.143726851617 | [0.885, 0.23333333333333334, 0.22, 2.0, 2.0]
  0.935203854782 | [0.0975, 0.9166666666666666, 0.84, 1.0, 2.0]
  1.131746744834 | [0.1375, 0.7833333333333333, 0.4, 2.0, 2.0]
The neighbors that are nearest: 
  0.065764732189 | [0.36, 0.4666666666666667, 0.14, 1.0, 2.0]
  0.356545929720 | [0.43, 0.06666666666666667, 0.06, 1.0, 2.0]
  0.406615433931 | [0.15, 0.75, 0.04, 1.0, 2.0]
  0.428680954919 | [0.7625, 0.6, 0.1, 1.0, 2.0]
  0.486312656631 | [0.165, 0.11666666666666667, 0.42, 1.0, 2.0]
  0.580000000000 | [0.775, 0.4166666666666667, 0.52, 1.0, 2.0]
The class assigned is: medium

Classifying record: [0.725, 0.16666666666666666, 0.0, 2.0, 3.0]
Comparative distances: 
  1.878253473605 | [0.55, 0.95, 0.94, 1.0, 1.0]
  1.573923794569 | [0.69, 0.2833333333333333, 0.68, 1.0, 2.0]
  1.068067114516 | [0.3775, 0.2833333333333333, 0.08, 2.0, 1.0]
  1.215236888200 | [0.2775, 0.55, 0.36, 2.0, 2.0]
  1.150912681309 | [0.675, 0.7166666666666667, 0.14, 2.0, 1.0]
  1.268542744429 | [0.0525, 0.9833333333333333, 0.7, 2.0, 3.0]
  1.852908374541 | [0.21, 0.7, 0.94, 1.0, 1.0]
  1.438008122755 | [0.2125, 0.8833333333333333, 0.54, 2.0, 1.0]
  1.033936651831 | [0.63, 0.6666666666666666, 0.9, 2.0, 3.0]
  1.267035034155 | [0.825, 0.03333333333333333, 0.76, 2.0, 1.0]
  1.769251450315 | [0.2825, 0.8333333333333334, 0.7, 1.0, 1.0]
  1.271234089816 | [0.88, 0.8833333333333333, 0.28, 1.0, 3.0]
  1.35           | [0.925, 0.8166666666666667, 0.6, 2.0, 2.0]
  1.551433029313 | [0.525, 0.08333333333333333, 0.6, 1.0, 2.0]
  1.564143358022 | [0.325, 0.6833333333333333, 0.14, 1.0, 1.0]
  1.315459626053 | [0.2125, 0.6333333333333333, 0.5, 2.0, 2.0]
  1.101761216315 | [0.775, 0.3, 0.44, 2.0, 1.0]
  1.405704894350 | [0.0875, 0.5666666666666667, 0.64, 1.0, 3.0]
  1.634779122015 | [0.15, 0.75, 0.04, 1.0, 2.0]
  0.660004734831 | [0.4025, 0.36666666666666664, 0.54, 2.0, 3.0]
  1.577467203392 | [0.14, 0.9, 0.78, 2.0, 1.0]
  1.388446624029 | [0.5625, 0.3, 0.94, 2.0, 1.0]
  1.733623573456 | [0.4275, 0.9833333333333333, 0.5, 1.0, 2.0]
  0.651652280318 | [0.2075, 0.4, 0.32, 2.0, 3.0]
  1.482964607729 | [0.7625, 0.6, 0.1, 1.0, 2.0]
  0.950763216812 | [0.2875, 0.08333333333333333, 0.84, 2.0, 3.0]
  1.771103116704 | [0.3875, 0.4166666666666667, 0.98, 1.0, 2.0]
  1.605116818178 | [0.305, 0.36666666666666664, 0.6, 1.0, 1.0]
  0.726339758270 | [0.9, 0.08333333333333333, 0.7, 2.0, 3.0]
  1.569676408619 | [0.7025, 0.3333333333333333, 0.66, 1.0, 1.0]
  1.059010282186 | [0.65, 0.18333333333333332, 0.34, 2.0, 2.0]
  1.648287200230 | [0.8075, 0.1, 0.84, 1.0, 2.0]
  1.023203031878 | [0.925, 0.25, 0.0, 2.0, 2.0]
  1.492816363269 | [0.1125, 0.08333333333333333, 0.92, 2.0, 1.0]
  1.437904532451 | [0.03, 0.25, 0.76, 2.0, 2.0]
  1.243547792049 | [0.145, 0.35, 0.42, 1.0, 3.0]
  1.723484841824 | [0.625, 0.16666666666666666, 0.98, 1.0, 1.0]
  1.089816498315 | [0.335, 0.26666666666666666, 0.16, 1.0, 3.0]
  1.635726138447 | [0.025, 0.5666666666666667, 0.16, 1.0, 1.0]
  1.572973122607 | [0.155, 0.38333333333333336, 0.32, 1.0, 1.0]
  1.482762296451 | [0.0875, 0.03333333333333333, 0.88, 2.0, 2.0]
  0.803285354722 | [0.2575, 0.8, 0.16, 2.0, 3.0]
  1.195080483110 | [0.1275, 0.2833333333333333, 0.24, 2.0, 2.0]
  1.205705187846 | [0.44, 0.5166666666666667, 0.5, 2.0, 1.0]
  1.476912131592 | [0.04, 0.5333333333333333, 0.76, 1.0, 3.0]
  1.497606423597 | [0.36, 0.4666666666666667, 0.14, 1.0, 2.0]
  1.578765340384 | [0.165, 0.11666666666666667, 0.42, 1.0, 2.0]
  1.646817005620 | [0.2625, 0.4166666666666667, 0.66, 1.0, 1.0]
  0.926097322099 | [0.9375, 0.21666666666666667, 0.9, 2.0, 3.0]
  1.173773591645 | [0.155, 0.23333333333333334, 0.22, 1.0, 3.0]
  0.380952752976 | [0.38, 0.016666666666666666, 0.06, 2.0, 3.0]
  0.844467287702 | [0.95, 0.31666666666666665, 0.8, 2.0, 3.0]
  1.286986413206 | [0.2375, 0.75, 0.28, 1.0, 3.0]
  1.154253306014 | [0.4725, 0.6833333333333333, 0.04, 2.0, 1.0]
  1.164517067285 | [0.525, 0.11666666666666667, 0.56, 1.0, 3.0]
  1.542265874542 | [0.0875, 0.9333333333333333, 0.62, 1.0, 3.0]
  0.862942318144 | [0.15, 0.7, 0.36, 2.0, 3.0]
  1.254595995175 | [0.175, 0.2, 0.52, 2.0, 1.0]
  1.341274528614 | [0.3675, 0.95, 0.24, 2.0, 1.0]
  1.393735986476 | [0.275, 0.8666666666666667, 0.5, 2.0, 2.0]
  1.449353304063 | [0.43, 0.06666666666666667, 0.06, 1.0, 2.0]
  0.596352338061 | [0.65, 0.5833333333333334, 0.42, 2.0, 3.0]
  1.611319550692 | [0.6075, 0.85, 0.34, 1.0, 1.0]
  1.752217840655 | [0.1325, 0.05, 0.84, 1.0, 1.0]
  0.137032031940 | [0.855, 0.18333333333333332, 0.04, 2.0, 3.0]
  1.106109297392 | [0.435, 0.6333333333333333, 0.96, 2.0, 3.0]
  1.458315476081 | [0.5875, 0.03333333333333333, 0.3, 1.0, 1.0]
  1.429236635799 | [0.6275, 0.05, 0.14, 1.0, 1.0]
  1.521143575662 | [0.425, 0.75, 0.94, 2.0, 2.0]
  1.280316801073 | [0.375, 0.8, 0.34, 1.0, 3.0]
  1.666574164099 | [0.3, 0.5333333333333333, 0.68, 1.0, 2.0]
  1.510949848421 | [0.65, 0.08333333333333333, 0.52, 1.0, 2.0]
  0.084889634231 | [0.8075, 0.16666666666666666, 0.02, 2.0, 3.0]
  1.778166971287 | [0.025, 0.7833333333333333, 0.54, 1.0, 1.0]
  1.665846464847 | [0.575, 0.38333333333333336, 0.84, 1.0, 1.0]
  1.528201557386 | [0.775, 0.4166666666666667, 0.52, 1.0, 2.0]
  1.038481797839 | [0.885, 0.23333333333333334, 0.22, 2.0, 2.0]
  1.913597724183 | [0.0975, 0.9166666666666666, 0.84, 1.0, 2.0]
  1.373111076270 | [0.1375, 0.7833333333333333, 0.4, 2.0, 2.0]
The neighbors that are nearest: 
  0.084889634231 | [0.8075, 0.16666666666666666, 0.02, 2.0, 3.0]
  0.137032031940 | [0.855, 0.18333333333333332, 0.04, 2.0, 3.0]
  0.380952752976 | [0.38, 0.016666666666666666, 0.06, 2.0, 3.0]
  0.596352338061 | [0.65, 0.5833333333333334, 0.42, 2.0, 3.0]
  0.651652280318 | [0.2075, 0.4, 0.32, 2.0, 3.0]
  0.660004734831 | [0.4025, 0.36666666666666664, 0.54, 2.0, 3.0]
The class assigned is: undetermined

44.87179487179487
The optimal number for weighted is: 4
  at a validation error of 42.30769230769231
