==== Cluster 1 ==========
[52.0, 85.0, 2.69]
[54.0, 84.0, 2.64]
[54.0, 84.0, 2.71]
[51.0, 84.0, 2.32]
[50.0, 89.0, 2.61]
[48.0, 85.0, 2.68]
[52.0, 84.0, 2.7]
[51.0, 87.0, 2.44]
[53.0, 84.0, 2.47]
[55.0, 85.0, 2.47]
[48.0, 87.0, 2.72]
[51.0, 85.0, 2.63]
[50.0, 88.0, 2.75]
[49.0, 89.0, 2.47]
[53.0, 81.0, 2.76]

==== Cluster 2 ==========
[26.0, 70.0, 3.62]
[28.0, 74.0, 3.74]
[25.0, 70.0, 3.31]
[27.0, 82.0, 3.75]
[30.0, 80.0, 3.71]
[25.0, 71.0, 3.57]
[25.0, 81.0, 3.66]
[25.0, 82.0, 3.72]
[32.0, 78.0, 3.75]
[27.0, 78.0, 3.66]
[28.0, 82.0, 3.31]
[28.0, 81.0, 3.56]
[29.0, 80.0, 3.7]
[25.0, 82.0, 3.76]
[28.0, 71.0, 3.43]
[25.0, 72.0, 3.65]
[31.0, 72.0, 3.77]
[28.0, 75.0, 3.6]
[25.0, 87.0, 3.68]
[26.0, 85.0, 3.34]

==== Cluster 3 ==========
[49.0, 17.0, 3.64]
[55.0, 23.0, 3.45]
[53.0, 22.0, 3.69]
[54.0, 24.0, 3.63]
[47.0, 20.0, 3.73]
[54.0, 22.0, 3.67]
[52.0, 25.0, 3.74]
[49.0, 21.0, 3.55]
[47.0, 17.0, 3.61]
[50.0, 19.0, 3.77]
[52.0, 20.0, 3.62]
[52.0, 25.0, 3.77]
[51.0, 23.0, 3.34]

==== Cluster 4 ==========
[31.0, 14.0, 2.75]
[29.0, 22.0, 2.55]
[25.0, 17.0, 2.68]
[30.0, 16.0, 2.73]
[33.0, 22.0, 2.77]
[31.0, 22.0, 2.4]
[30.0, 20.0, 2.75]
[29.0, 19.0, 2.66]
[28.0, 15.0, 2.36]
[26.0, 20.0, 2.72]
[27.0, 14.0, 2.49]
[27.0, 22.0, 2.38]
[31.0, 16.0, 2.34]
[32.0, 13.0, 2.76]
[29.0, 15.0, 2.38]
[27.0, 24.0, 2.47]
[26.0, 14.0, 2.61]
[27.0, 15.0, 2.47]

==== Cluster 5 ==========
[51.0, 12.0, 3.65]
[53.0, 11.0, 3.65]
[49.0, 11.0, 3.59]
[52.0, 12.0, 3.54]
[52.0, 12.0, 3.45]
[51.0, 11.0, 3.62]
[49.0, 13.0, 3.63]

==== Cluster 6 ==========
[30.0, 87.0, 3.8]
[32.0, 86.0, 3.68]
[29.0, 90.0, 3.32]
[32.0, 90.0, 3.3]
[33.0, 84.0, 3.6]

==== Cluster 7 ==========
[51.0, 76.0, 2.52]
[48.0, 72.0, 2.46]
[48.0, 80.0, 2.71]
[49.0, 79.0, 2.66]
[50.0, 70.0, 2.49]
[51.0, 73.0, 2.32]
[47.0, 77.0, 2.68]
[52.0, 71.0, 2.36]
[52.0, 74.0, 2.69]
[51.0, 77.0, 2.64]

==== Cluster 8 ==========
[30.0, 26.0, 2.68]
[33.0, 29.0, 2.37]
[30.0, 27.0, 2.36]
[32.0, 26.0, 2.35]
[27.0, 28.0, 2.36]
[31.0, 27.0, 2.45]
[28.0, 28.0, 2.38]

==== Cluster 9 ==========
[55.0, 16.0, 3.41]

==== Cluster 10 ==========
[50.0, 29.0, 3.46]
[48.0, 26.0, 3.47]
[47.0, 26.0, 3.59]
[49.0, 29.0, 3.75]

Error rate for cluster 1: 1832.62033
Error rate for cluster 2: 30394.62487
Error rate for cluster 3: 3349.52811
Error rate for cluster 4: 7337.18989
Error rate for cluster 5: 75.34811
Error rate for cluster 6: 420.09079
Error rate for cluster 7: 2551.42094
Error rate for cluster 8: 287.13682
Error rate for cluster 9: 0.00000
Error rate for cluster 10: 53.32396
