==== Cluster 1 ==========: [20.136363636363637, 20.045454545454547]
[17.0, 24.0]
[15.0, 21.0]
[25.0, 21.0]
[25.0, 19.0]
[15.0, 19.0]
[23.0, 16.0]
[15.0, 18.0]
[20.0, 15.0]
[20.0, 25.0]
[22.0, 25.0]
[25.0, 19.0]
[15.0, 20.0]
[20.0, 15.0]
[24.0, 17.0]
[23.0, 24.0]
[19.0, 25.0]
[18.0, 25.0]
[20.0, 15.0]
[22.0, 16.0]
[24.0, 17.0]
[15.0, 20.0]
[21.0, 25.0]

==== Cluster 2 ==========: [41.4375, 8.75]
[46.0, 14.0]
[43.0, 4.0]
[33.0, 9.0]
[34.0, 7.0]
[36.0, 4.0]
[47.0, 8.0]
[47.0, 12.0]
[46.0, 14.0]
[36.0, 4.0]
[47.0, 10.0]
[47.0, 10.0]
[39.0, 3.0]
[46.0, 13.0]
[33.0, 9.0]
[40.0, 3.0]
[43.0, 16.0]

==== Cluster 3 ==========: [31.90909090909091, 18.454545454545457]
[34.0, 17.0]
[32.0, 16.0]
[29.0, 25.0]
[34.0, 14.0]
[31.0, 15.0]
[33.0, 16.0]
[35.0, 21.0]
[30.0, 25.0]
[34.0, 18.0]
[34.0, 22.0]
[28.0, 24.0]
[34.0, 14.0]
[28.0, 15.0]
[31.0, 15.0]
[31.0, 15.0]
[27.0, 16.0]
[29.0, 25.0]
[35.0, 19.0]
[30.0, 25.0]
[37.0, 16.0]
[27.0, 16.0]
[39.0, 17.0]

==== Cluster 4 ==========: [29.3, 38.85]
[32.0, 47.0]
[24.0, 37.0]
[23.0, 39.0]
[31.0, 33.0]
[34.0, 34.0]
[33.0, 34.0]
[33.0, 46.0]
[25.0, 35.0]
[33.0, 46.0]
[27.0, 34.0]
[35.0, 45.0]
[24.0, 36.0]
[24.0, 36.0]
[37.0, 38.0]
[29.0, 47.0]
[30.0, 33.0]
[27.0, 34.0]
[23.0, 40.0]
[36.0, 37.0]
[26.0, 46.0]

==== Cluster 5 ==========: [40.6, 29.8]
[43.0, 34.0]
[39.0, 25.0]
[38.0, 26.0]
[45.0, 29.0]
[37.0, 34.0]
[39.0, 25.0]
[45.0, 32.0]
[40.0, 25.0]
[44.0, 33.0]
[41.0, 35.0]
[35.0, 28.0]
[38.0, 34.0]
[45.0, 31.0]
[40.0, 25.0]
[44.0, 32.0]
[38.0, 25.0]
[45.0, 30.0]
[36.0, 27.0]
[36.0, 33.0]
[44.0, 33.0]

Error rate for cluster 1: 14531.14538
Error rate for cluster 2: 36423.83521
Error rate for cluster 3: 20480.91961
Error rate for cluster 4: 48676.20562
Error rate for cluster 5: 12600.64000
