==== Cluster 1 ==========: [20.0, 24.71428571428571]
[17.0, 24.0]
[20.0, 25.0]
[22.0, 25.0]
[23.0, 24.0]
[19.0, 25.0]
[18.0, 25.0]
[21.0, 25.0]

==== Cluster 2 ==========: [33.666666666666664, 14.466666666666667]
[34.0, 17.0]
[32.0, 16.0]
[34.0, 14.0]
[31.0, 15.0]
[33.0, 16.0]
[33.0, 9.0]
[34.0, 7.0]
[34.0, 18.0]
[34.0, 14.0]
[31.0, 15.0]
[31.0, 15.0]
[35.0, 19.0]
[37.0, 16.0]
[33.0, 9.0]
[39.0, 17.0]

==== Cluster 3 ==========: [15.0, 19.6]
[15.0, 21.0]
[15.0, 19.0]
[15.0, 18.0]
[15.0, 20.0]
[15.0, 20.0]

==== Cluster 4 ==========: [33.27272727272727, 34.36363636363637]
[31.0, 33.0]
[34.0, 34.0]
[33.0, 34.0]
[37.0, 34.0]
[27.0, 34.0]
[37.0, 38.0]
[38.0, 34.0]
[30.0, 33.0]
[27.0, 34.0]
[36.0, 37.0]
[36.0, 33.0]

==== Cluster 5 ==========: [31.777777777777775, 24.666666666666664]
[29.0, 25.0]
[35.0, 21.0]
[30.0, 25.0]
[34.0, 22.0]
[28.0, 24.0]
[35.0, 28.0]
[29.0, 25.0]
[30.0, 25.0]
[36.0, 27.0]

==== Cluster 6 ==========: [NaN, NaN]

==== Cluster 7 ==========: [43.30769230769231, 8.846153846153847]
[46.0, 14.0]
[43.0, 4.0]
[36.0, 4.0]
[47.0, 8.0]
[47.0, 12.0]
[46.0, 14.0]
[36.0, 4.0]
[47.0, 10.0]
[47.0, 10.0]
[39.0, 3.0]
[46.0, 13.0]
[40.0, 3.0]
[43.0, 16.0]

==== Cluster 8 ==========: [27.583333333333332, 41.666666666666664]
[32.0, 47.0]
[24.0, 37.0]
[23.0, 39.0]
[33.0, 46.0]
[25.0, 35.0]
[33.0, 46.0]
[35.0, 45.0]
[24.0, 36.0]
[24.0, 36.0]
[29.0, 47.0]
[23.0, 40.0]
[26.0, 46.0]

==== Cluster 9 ==========: [42.0, 29.333333333333332]
[43.0, 34.0]
[39.0, 25.0]
[38.0, 26.0]
[45.0, 29.0]
[39.0, 25.0]
[45.0, 32.0]
[40.0, 25.0]
[44.0, 33.0]
[41.0, 35.0]
[45.0, 31.0]
[40.0, 25.0]
[44.0, 32.0]
[38.0, 25.0]
[45.0, 30.0]
[44.0, 33.0]

==== Cluster 10 ==========: [23.846153846153847, 16.692307692307693]
[25.0, 21.0]
[25.0, 19.0]
[23.0, 16.0]
[20.0, 15.0]
[25.0, 19.0]
[20.0, 15.0]
[24.0, 17.0]
[28.0, 15.0]
[27.0, 16.0]
[20.0, 15.0]
[27.0, 16.0]
[22.0, 16.0]
[24.0, 17.0]

