==== Cluster 1 ==========: [34.34285714285714, 35.65714285714286]
[32.0, 47.0]
[43.0, 34.0]
[24.0, 37.0]
[23.0, 39.0]
[31.0, 33.0]
[34.0, 34.0]
[38.0, 26.0]
[33.0, 34.0]
[33.0, 46.0]
[45.0, 29.0]
[25.0, 35.0]
[37.0, 34.0]
[33.0, 46.0]
[27.0, 34.0]
[35.0, 45.0]
[24.0, 36.0]
[24.0, 36.0]
[45.0, 32.0]
[37.0, 38.0]
[44.0, 33.0]
[41.0, 35.0]
[35.0, 28.0]
[38.0, 34.0]
[29.0, 47.0]
[45.0, 31.0]
[30.0, 33.0]
[27.0, 34.0]
[44.0, 32.0]
[45.0, 30.0]
[36.0, 27.0]
[23.0, 40.0]
[36.0, 37.0]
[36.0, 33.0]
[26.0, 46.0]
[44.0, 33.0]

==== Cluster 2 ==========: [38.08571428571428, 14.285714285714285]
[46.0, 14.0]
[34.0, 17.0]
[32.0, 16.0]
[43.0, 4.0]
[34.0, 14.0]
[39.0, 25.0]
[31.0, 15.0]
[33.0, 16.0]
[33.0, 9.0]
[35.0, 21.0]
[34.0, 7.0]
[36.0, 4.0]
[34.0, 18.0]
[47.0, 8.0]
[47.0, 12.0]
[39.0, 25.0]
[34.0, 22.0]
[46.0, 14.0]
[40.0, 25.0]
[34.0, 14.0]
[31.0, 15.0]
[36.0, 4.0]
[31.0, 15.0]
[47.0, 10.0]
[47.0, 10.0]
[35.0, 19.0]
[40.0, 25.0]
[39.0, 3.0]
[37.0, 16.0]
[38.0, 25.0]
[46.0, 13.0]
[33.0, 9.0]
[40.0, 3.0]
[43.0, 16.0]
[39.0, 17.0]

==== Cluster 3 ==========: [22.366666666666667, 20.4]
[29.0, 25.0]
[17.0, 24.0]
[15.0, 21.0]
[25.0, 21.0]
[25.0, 19.0]
[15.0, 19.0]
[30.0, 25.0]
[23.0, 16.0]
[15.0, 18.0]
[20.0, 15.0]
[20.0, 25.0]
[22.0, 25.0]
[28.0, 24.0]
[25.0, 19.0]
[15.0, 20.0]
[20.0, 15.0]
[24.0, 17.0]
[28.0, 15.0]
[23.0, 24.0]
[27.0, 16.0]
[29.0, 25.0]
[19.0, 25.0]
[30.0, 25.0]
[18.0, 25.0]
[20.0, 15.0]
[27.0, 16.0]
[22.0, 16.0]
[24.0, 17.0]
[15.0, 20.0]
[21.0, 25.0]

