==== Cluster 1 ==========
[7.54, 3.18]
[7.36, 2.12]
[7.3, 2.73]
[7.35, 3.58]
[7.95, 2.59]
[6.39, 2.94]
[7.52, 2.22]
[6.73, 2.89]
[7.28, 3.02]
[6.15, 3.65]
[7.95, 3.48]
[7.8, 2.79]
[6.86, 2.89]
[6.22, 3.87]
[6.66, 3.63]
[7.14, 3.66]
[6.67, 2.67]
[7.66, 2.25]
[7.81, 2.14]
[7.25, 2.01]

==== Cluster 2 ==========
[0.84, 9.36]
[0.79, 9.79]
[0.15, 8.57]
[0.96, 8.15]
[0.92, 9.84]
[1.79, 8.45]
[1.29, 8.97]
[0.16, 9.42]
[0.45, 9.83]
[0.87, 9.19]
[1.66, 8.7]
[0.77, 9.64]
[0.99, 8.09]
[0.31, 9.2]
[0.86, 8.47]
[0.24, 8.14]
[1.7, 8.96]
[1.1, 9.8]
[0.44, 9.86]
[1.28, 9.07]

==== Cluster 3 ==========
[10.05, 10.83]
[10.93, 11.56]
[11.43, 10.2]
[10.22, 11.61]
[11.5, 10.01]
[10.34, 11.64]
[10.9, 11.18]
[11.63, 11.7]
[10.91, 11.81]
[10.74, 10.18]
[10.08, 10.21]
[10.49, 11.19]
[11.19, 11.12]
[10.94, 11.09]
[11.8, 11.86]
[10.63, 10.36]
[11.56, 10.35]
[11.17, 11.08]
[10.53, 11.91]
[10.05, 11.23]

==== Cluster 4 ==========
[2.28, 1.17]
[0.69, 3.08]
[2.42, 1.05]
[2.95, 0.21]
[0.53, 2.13]
[3.3, 0.68]
[2.58, 0.38]
[0.07, 2.95]
[1.77, 3.8]
[2.32, 0.95]
[0.26, 2.94]
[0.8, 2.04]
[1.52, 3.72]
[2.71, 0.13]
[0.78, 2.94]
[3.94, 0.37]
[2.14, 0.08]
[1.62, 2.01]
[3.11, 0.34]
[3.87, 0.03]
[3.34, 0.61]
[0.72, 2.66]
[3.23, 0.78]
[2.94, 1.97]
[0.09, 3.34]
[2.47, 0.06]
[1.25, 2.86]
[3.15, 1.62]
[2.67, 0.24]
[0.32, 3.51]
[1.46, 2.1]
[1.31, 3.06]
[1.84, 3.37]
[3.08, 1.97]
[0.52, 3.92]
[3.46, 1.33]
[0.6, 3.52]
[0.51, 2.84]
[2.92, 0.22]
[0.46, 3.36]

Error rate for cluster 1: 12.05567
Error rate for cluster 2: 9.49330
Error rate for cluster 3: 13.39249
Error rate for cluster 4: 477.14126
