248 3 1
0.03330839753845627 0.25181057275955876 -0.6045008379219619 0.02122460530398218
0.25181057275955876 -0.6045008379219619 0.02122460530398218 -0.0348179943747251
-0.6045008379219619 0.02122460530398218 -0.0348179943747251 -0.23013835440219843
0.02122460530398218 -0.0348179943747251 -0.23013835440219843 1.273636763412478
-0.0348179943747251 -0.23013835440219843 1.273636763412478 -1.0702166536152524
-0.23013835440219843 1.273636763412478 -1.0702166536152524 -0.5139635789177532
1.273636763412478 -1.0702166536152524 -0.5139635789177532 0.1348942786406626
-1.0702166536152524 -0.5139635789177532 0.1348942786406626 0.3910371458095474
-0.5139635789177532 0.1348942786406626 0.3910371458095474 -0.2766026684022038
0.1348942786406626 0.3910371458095474 -0.2766026684022038 -0.057456934401523
0.3910371458095474 -0.2766026684022038 -0.057456934401523 0.8969296566509355
-0.2766026684022038 -0.057456934401523 0.8969296566509355 2
-0.057456934401523 0.8969296566509355 2 0.4900199824872553
0.8969296566509355 2 0.4900199824872553 -0.610320781032081
2 0.4900199824872553 -0.610320781032081 1.0314507947243756
0.4900199824872553 -0.610320781032081 1.0314507947243756 -1.1141517899442066
-0.610320781032081 1.0314507947243756 -1.1141517899442066 0.6507385321358417
1.0314507947243756 -1.1141517899442066 0.6507385321358417 2
-1.1141517899442066 0.6507385321358417 2 -0.7583181403828632
0.6507385321358417 2 -0.7583181403828632 0.20323810828708488
2 -0.7583181403828632 0.20323810828708488 -1.2286924209018668
-0.7583181403828632 0.20323810828708488 -1.2286924209018668 -1.3127288510979218
0.20323810828708488 -1.2286924209018668 -1.3127288510979218 -0.15668059383056043
-1.2286924209018668 -1.3127288510979218 -0.15668059383056043 -1.0941063332875478
-1.3127288510979218 -0.15668059383056043 -1.0941063332875478 0.02693402812132817
-0.15668059383056043 -1.0941063332875478 0.02693402812132817 -0.5776492898247332
-1.0941063332875478 0.02693402812132817 -0.5776492898247332 -0.4786172313080983
0.02693402812132817 -0.5776492898247332 -0.4786172313080983 -0.11571307503421835
-0.5776492898247332 -0.4786172313080983 -0.11571307503421835 0.6567327409432666
-0.4786172313080983 -0.11571307503421835 0.6567327409432666 -0.599528204459232
-0.11571307503421835 0.6567327409432666 -0.599528204459232 0.19223961878829243
0.6567327409432666 -0.599528204459232 0.19223961878829243 -0.6148483716801656
-0.599528204459232 0.19223961878829243 -0.6148483716801656 0.13495057232049135
0.19223961878829243 -0.6148483716801656 0.13495057232049135 -0.00216783368380824
-0.6148483716801656 0.13495057232049135 -0.00216783368380824 -0.4923717433626851
0.13495057232049135 -0.00216783368380824 -0.4923717433626851 -0.2775014117077701
-0.00216783368380824 -0.4923717433626851 -0.2775014117077701 0.7433373245274266
-0.4923717433626851 -0.2775014117077701 0.7433373245274266 -1.5038075467872059
-0.2775014117077701 0.7433373245274266 -1.5038075467872059 0.005336720371862391
0.7433373245274266 -1.5038075467872059 0.005336720371862391 -0.17154760446024264
-1.5038075467872059 0.005336720371862391 -0.17154760446024264 -0.05377947221570922
0.005336720371862391 -0.17154760446024264 -0.05377947221570922 0.04634636181060081
-0.17154760446024264 -0.05377947221570922 0.04634636181060081 0.5108078152524786
-0.05377947221570922 0.04634636181060081 0.5108078152524786 -0.030510651964454905
0.04634636181060081 0.5108078152524786 -0.030510651964454905 1.1839639503016919
0.5108078152524786 -0.030510651964454905 1.1839639503016919 0.2829783882724035
-0.030510651964454905 1.1839639503016919 0.2829783882724035 -0.9522118752118169
1.1839639503016919 0.2829783882724035 -0.9522118752118169 -0.7167846174389148
0.2829783882724035 -0.9522118752118169 -0.7167846174389148 0.6169488974994142
-0.9522118752118169 -0.7167846174389148 0.6169488974994142 -0.600424143033429
-0.7167846174389148 0.6169488974994142 -0.600424143033429 0.294130253091307
0.6169488974994142 -0.600424143033429 0.294130253091307 0.4888448617451857
-0.600424143033429 0.294130253091307 0.4888448617451857 -0.43846013657656835
0.294130253091307 0.4888448617451857 -0.43846013657656835 0.7049704193116568
0.4888448617451857 -0.43846013657656835 0.7049704193116568 0.19036905637519475
-0.43846013657656835 0.7049704193116568 0.19036905637519475 -0.4618813320270032
0.7049704193116568 0.19036905637519475 -0.4618813320270032 -0.7861819968595474
0.19036905637519475 -0.4618813320270032 -0.7861819968595474 -0.6990114132971348
-0.4618813320270032 -0.7861819968595474 -0.6990114132971348 -0.2845205986567345
-0.7861819968595474 -0.6990114132971348 -0.2845205986567345 0.11277180387236907
-0.6990114132971348 -0.2845205986567345 0.11277180387236907 1.2696438241586172
-0.2845205986567345 0.11277180387236907 1.2696438241586172 1.0866973073754504
0.11277180387236907 1.2696438241586172 1.0866973073754504 -0.37365817836239046
1.2696438241586172 1.0866973073754504 -0.37365817836239046 -1.0800243566323808
1.0866973073754504 -0.37365817836239046 -1.0800243566323808 2
-0.37365817836239046 -1.0800243566323808 2 0.9577626136620276
-1.0800243566323808 2 0.9577626136620276 -0.8150288701580299
2 0.9577626136620276 -0.8150288701580299 -0.6711955637066169
0.9577626136620276 -0.8150288701580299 -0.6711955637066169 -1.037958234665548
-0.8150288701580299 -0.6711955637066169 -1.037958234665548 -0.13620398423465074
-0.6711955637066169 -1.037958234665548 -0.13620398423465074 -0.3760904754018801
-1.037958234665548 -0.13620398423465074 -0.3760904754018801 -0.40754435902209396
-0.13620398423465074 -0.3760904754018801 -0.40754435902209396 0.22182052799684104
-0.3760904754018801 -0.40754435902209396 0.22182052799684104 -0.17140332479864684
-0.40754435902209396 0.22182052799684104 -0.17140332479864684 0.8162498658366379
0.22182052799684104 -0.17140332479864684 0.8162498658366379 -0.3225582129312121
-0.17140332479864684 0.8162498658366379 -0.3225582129312121 -0.47382515319458474
0.8162498658366379 -0.3225582129312121 -0.47382515319458474 -0.298309403115804
-0.3225582129312121 -0.47382515319458474 -0.298309403115804 0.014333644780428756
-0.47382515319458474 -0.298309403115804 0.014333644780428756 0.1350245064163147
-0.298309403115804 0.014333644780428756 0.1350245064163147 -0.18677108868443426
0.014333644780428756 0.1350245064163147 -0.18677108868443426 0.9069881995160012
0.1350245064163147 -0.18677108868443426 0.9069881995160012 -0.5585104966963184
-0.18677108868443426 0.9069881995160012 -0.5585104966963184 0.13755378192927825
0.9069881995160012 -0.5585104966963184 0.13755378192927825 -0.15171841062986413
-0.5585104966963184 0.13755378192927825 -0.15171841062986413 -0.9580049033822813
0.13755378192927825 -0.15171841062986413 -0.9580049033822813 -0.042161848797062085
-0.15171841062986413 -0.9580049033822813 -0.042161848797062085 0.4723250358744657
-0.9580049033822813 -0.042161848797062085 0.4723250358744657 0.9450249886415296
-0.042161848797062085 0.4723250358744657 0.9450249886415296 -0.3732972639067911
0.4723250358744657 0.9450249886415296 -0.3732972639067911 -0.3830076177138375
0.9450249886415296 -0.3732972639067911 -0.3830076177138375 0.6540903338797532
-0.3732972639067911 -0.3830076177138375 0.6540903338797532 -0.8050719533058248
-0.3830076177138375 0.6540903338797532 -0.8050719533058248 -0.23566835227663008
0.6540903338797532 -0.8050719533058248 -0.23566835227663008 -0.4230398888731002
-0.8050719533058248 -0.23566835227663008 -0.4230398888731002 -0.5952163020225942
-0.23566835227663008 -0.4230398888731002 -0.5952163020225942 0.11153117112967514
-0.4230398888731002 -0.5952163020225942 0.11153117112967514 -0.5338458253256406
-0.5952163020225942 0.11153117112967514 -0.5338458253256406 -0.18403281398648996
0.11153117112967514 -0.5338458253256406 -0.18403281398648996 -0.0727284061569855
-0.5338458253256406 -0.18403281398648996 -0.0727284061569855 0.037937055668724184
-0.18403281398648996 -0.0727284061569855 0.037937055668724184 -0.18880843206009468
-0.0727284061569855 0.037937055668724184 -0.18880843206009468 -0.6482998876555013
0.037937055668724184 -0.18880843206009468 -0.6482998876555013 -0.46064510833880856
-0.18880843206009468 -0.6482998876555013 -0.46064510833880856 -0.09378507331122554
-0.6482998876555013 -0.46064510833880856 -0.09378507331122554 0.024605416267253766
-0.46064510833880856 -0.09378507331122554 0.024605416267253766 0.3549583566971215
-0.09378507331122554 0.024605416267253766 0.3549583566971215 0.7139489459150106
0.024605416267253766 0.3549583566971215 0.7139489459150106 -0.3124741756879712
0.3549583566971215 0.7139489459150106 -0.3124741756879712 -0.08360082155868254
0.7139489459150106 -0.3124741756879712 -0.08360082155868254 -0.21678793402644114
-0.3124741756879712 -0.08360082155868254 -0.21678793402644114 -0.7659761469202553
-0.08360082155868254 -0.21678793402644114 -0.7659761469202553 -0.12758486945516623
-0.21678793402644114 -0.7659761469202553 -0.12758486945516623 -0.17270629231685986
-0.7659761469202553 -0.12758486945516623 -0.17270629231685986 0.013247665099025419
-0.12758486945516623 -0.17270629231685986 0.013247665099025419 0.6476989507584685
-0.17270629231685986 0.013247665099025419 0.6476989507584685 -0.4873617653212703
0.013247665099025419 0.6476989507584685 -0.4873617653212703 0.11802454501792514
0.6476989507584685 -0.4873617653212703 0.11802454501792514 -0.19072291122715912
-0.4873617653212703 0.11802454501792514 -0.19072291122715912 0.03724052789724208
0.11802454501792514 -0.19072291122715912 0.03724052789724208 -0.6633490766829508
-0.19072291122715912 0.03724052789724208 -0.6633490766829508 -0.06583545188441065
0.03724052789724208 -0.6633490766829508 -0.06583545188441065 -0.5449673623982632
-0.6633490766829508 -0.06583545188441065 -0.5449673623982632 0.3939018532096217
-0.06583545188441065 -0.5449673623982632 0.3939018532096217 0.7098807868779033
-0.5449673623982632 0.3939018532096217 0.7098807868779033 -0.4622800748163791
0.3939018532096217 0.7098807868779033 -0.4622800748163791 0.4148258240527669
0.7098807868779033 -0.4622800748163791 0.4148258240527669 -0.1468816865473621
-0.4622800748163791 0.4148258240527669 -0.1468816865473621 -0.48201911891153637
0.4148258240527669 -0.1468816865473621 -0.48201911891153637 0.19358631314358998
-0.1468816865473621 -0.48201911891153637 0.19358631314358998 -0.418355142639415
-0.48201911891153637 0.19358631314358998 -0.418355142639415 1.1975772679917451
0.19358631314358998 -0.418355142639415 1.1975772679917451 -1.016064947275841
-0.418355142639415 1.1975772679917451 -1.016064947275841 0.23256638782345185
1.1975772679917451 -1.016064947275841 0.23256638782345185 -0.4991101722686242
-1.016064947275841 0.23256638782345185 -0.4991101722686242 -0.1751375181805792
0.23256638782345185 -0.4991101722686242 -0.1751375181805792 -0.048793247416978325
-0.4991101722686242 -0.1751375181805792 -0.048793247416978325 0.48727721220822584
-0.1751375181805792 -0.048793247416978325 0.48727721220822584 -0.028803735389693053
-0.048793247416978325 0.48727721220822584 -0.028803735389693053 0.45483387903246797
0.48727721220822584 -0.028803735389693053 0.45483387903246797 -0.006091154121423692
-0.028803735389693053 0.45483387903246797 -0.006091154121423692 2
0.45483387903246797 -0.006091154121423692 2 0.28673090408539714
-0.006091154121423692 2 0.28673090408539714 -0.7137736656713023
2 0.28673090408539714 -0.7137736656713023 0.9780180292780383
0.28673090408539714 -0.7137736656713023 0.9780180292780383 -0.001562304711910656
-0.7137736656713023 0.9780180292780383 -0.001562304711910656 0.5587645386134099
0.9780180292780383 -0.001562304711910656 0.5587645386134099 -1.1399934768765663
-0.001562304711910656 0.5587645386134099 -1.1399934768765663 -0.2751791504037371
0.5587645386134099 -1.1399934768765663 -0.2751791504037371 0.1639301874595933
-1.1399934768765663 -0.2751791504037371 0.1639301874595933 -0.6662488698939817
-0.2751791504037371 0.1639301874595933 -0.6662488698939817 -0.43269673380456064
0.1639301874595933 -0.6662488698939817 -0.43269673380456064 0.006137919040849482
-0.6662488698939817 -0.43269673380456064 0.006137919040849482 -0.8459533204175029
-0.43269673380456064 0.006137919040849482 -0.8459533204175029 -0.4975777149777927
0.006137919040849482 -0.8459533204175029 -0.4975777149777927 -0.24716714237532633
-0.8459533204175029 -0.4975777149777927 -0.24716714237532633 -0.2941220757188612
-0.4975777149777927 -0.24716714237532633 -0.2941220757188612 0.19965801649566295
-0.24716714237532633 -0.2941220757188612 0.19965801649566295 -0.47649555537758737
-0.2941220757188612 0.19965801649566295 -0.47649555537758737 -0.10499895001049309
0.19965801649566295 -0.47649555537758737 -0.10499895001049309 -0.004999700017993547
-0.47649555537758737 -0.10499895001049309 -0.004999700017993547 0.16927591974917888
-0.10499895001049309 -0.004999700017993547 0.16927591974917888 -0.33094236211982375
-0.004999700017993547 0.16927591974917888 -0.33094236211982375 0.054437940747553704
0.16927591974917888 -0.33094236211982375 0.054437940747553704 0.07797193010516956
-0.33094236211982375 0.054437940747553704 0.07797193010516956 0.1536805746752412
0.054437940747553704 0.07797193010516956 0.1536805746752412 -0.5010683813897354
0.07797193010516956 0.1536805746752412 -0.5010683813897354 0.30826263776893015
0.1536805746752412 -0.5010683813897354 0.30826263776893015 0.6588079097181732
-0.5010683813897354 0.30826263776893015 0.6588079097181732 -0.3632828745947503
0.30826263776893015 0.6588079097181732 -0.3632828745947503 -0.08811234323762296
0.6588079097181732 -0.3632828745947503 -0.08811234323762296 0.5998368202101201
-0.3632828745947503 -0.08811234323762296 0.5998368202101201 0.07106389198288099
-0.08811234323762296 0.5998368202101201 0.07106389198288099 -0.7428788682227849
0.5998368202101201 0.07106389198288099 -0.7428788682227849 -0.12939842223853582
0.07106389198288099 -0.7428788682227849 -0.12939842223853582 -0.48673534325033296
-0.7428788682227849 -0.12939842223853582 -0.48673534325033296 0.04775169120572187
-0.12939842223853582 -0.48673534325033296 0.04775169120572187 0.807806286949253
-0.48673534325033296 0.04775169120572187 0.807806286949253 0.581005361186615
0.04775169120572187 0.807806286949253 0.581005361186615 -0.7771605864985265
0.807806286949253 0.581005361186615 -0.7771605864985265 1.6434468130560154
0.581005361186615 -0.7771605864985265 1.6434468130560154 -0.8502912474468549
-0.7771605864985265 1.6434468130560154 -0.8502912474468549 0.2553342097279865
1.6434468130560154 -0.8502912474468549 0.2553342097279865 0.2793706807822316
-0.8502912474468549 0.2553342097279865 0.2793706807822316 1.3426439758293274
0.2553342097279865 0.2793706807822316 1.3426439758293274 -0.0005138297271001235
0.2793706807822316 1.3426439758293274 -0.0005138297271001235 -1.1042227755475365
1.3426439758293274 -0.0005138297271001235 -1.1042227755475365 0.1567573619975393
-0.0005138297271001235 -1.1042227755475365 0.1567573619975393 1.5358379411916756
-1.1042227755475365 0.1567573619975393 1.5358379411916756 -1.716195419754285
0.1567573619975393 1.5358379411916756 -1.716195419754285 2
1.5358379411916756 -1.716195419754285 2 1.1583680021824305
-1.716195419754285 2 1.1583680021824305 1.6743655120176726
2 1.1583680021824305 1.6743655120176726 -0.15763966554828146
1.1583680021824305 1.6743655120176726 -0.15763966554828146 0.8166486799929151
1.6743655120176726 -0.15763966554828146 0.8166486799929151 -0.01449462088514153
-0.15763966554828146 0.8166486799929151 -0.01449462088514153 -1.2720218787763193
0.8166486799929151 -0.01449462088514153 -1.2720218787763193 -0.905982636645819
-0.01449462088514153 -1.2720218787763193 -0.905982636645819 -1.9198673040468184
-1.2720218787763193 -0.905982636645819 -1.9198673040468184 0.7352979331745502
-0.905982636645819 -1.9198673040468184 0.7352979331745502 -1.215386350355241
-1.9198673040468184 0.7352979331745502 -1.215386350355241 -0.7004041576316511
0.7352979331745502 -1.215386350355241 -0.7004041576316511 0.15038513888958605
-1.215386350355241 -0.7004041576316511 0.15038513888958605 -1.1798191481322773
-0.7004041576316511 0.15038513888958605 -1.1798191481322773 0.1387277405034526
0.15038513888958605 -1.1798191481322773 0.1387277405034526 -0.6191562429499031
-1.1798191481322773 0.1387277405034526 -0.6191562429499031 -1.1595351948663235
0.1387277405034526 -0.6191562429499031 -1.1595351948663235 0.011894083189201154
-0.6191562429499031 -1.1595351948663235 0.011894083189201154 0.2837831121713652
-1.1595351948663235 0.011894083189201154 0.2837831121713652 -0.566820025993664
0.011894083189201154 0.2837831121713652 -0.566820025993664 -0.37613048380029657
0.2837831121713652 -0.566820025993664 -0.37613048380029657 -0.0349423205638022
-0.566820025993664 -0.37613048380029657 -0.0349423205638022 -0.3110496207549551
-0.37613048380029657 -0.0349423205638022 -0.3110496207549551 -0.06961876372765241
-0.0349423205638022 -0.3110496207549551 -0.06961876372765241 0.07015822396663207
-0.3110496207549551 -0.06961876372765241 0.07015822396663207 -0.05295856972632462
-0.06961876372765241 0.07015822396663207 -0.05295856972632462 -0.02402172740731956
0.07015822396663207 -0.05295856972632462 -0.02402172740731956 -0.0734818646757951
-0.05295856972632462 -0.02402172740731956 -0.0734818646757951 -0.5107710303148605
-0.02402172740731956 -0.0734818646757951 -0.5107710303148605 0.15033777187709596
-0.0734818646757951 -0.5107710303148605 0.15033777187709596 -0.1963220070637095
-0.5107710303148605 0.15033777187709596 -0.1963220070637095 -0.520959534771015
0.15033777187709596 -0.1963220070637095 -0.520959534771015 -0.2855886460392032
-0.1963220070637095 -0.520959534771015 -0.2855886460392032 0.11514104778351797
-0.520959534771015 -0.2855886460392032 0.11514104778351797 -0.27981069359280797
-0.2855886460392032 0.11514104778351797 -0.27981069359280797 0.2548898218189599
0.11514104778351797 -0.27981069359280797 0.2548898218189599 0.6876266167991307
-0.27981069359280797 0.2548898218189599 0.6876266167991307 -0.6343906510851482
0.2548898218189599 0.6876266167991307 -0.6343906510851482 -0.3750608630256447
0.6876266167991307 -0.6343906510851482 -0.3750608630256447 0.11631723232556901
-0.6343906510851482 -0.3750608630256447 0.11631723232556901 -0.16623541826276123
-0.3750608630256447 0.11631723232556901 -0.16623541826276123 0.7309579626366913
0.11631723232556901 -0.16623541826276123 0.7309579626366913 0.023788486372589013
-0.16623541826276123 0.7309579626366913 0.023788486372589013 1.6622740778031053
0.7309579626366913 0.023788486372589013 1.6622740778031053 -0.45152383151625397
0.023788486372589013 1.6622740778031053 -0.45152383151625397 1.648079986815354
1.6622740778031053 -0.45152383151625397 1.648079986815354 0.638309635459855
-0.45152383151625397 1.648079986815354 0.638309635459855 0.8561695915325851
1.648079986815354 0.638309635459855 0.8561695915325851 -1.9946445160937798
0.638309635459855 0.8561695915325851 -1.9946445160937798 -2
0.8561695915325851 -1.9946445160937798 -2 -0.4549296114746637
-1.9946445160937798 -2 -0.4549296114746637 -0.3795933684220598
-2 -0.4549296114746637 -0.3795933684220598 -0.17433734997622796
-0.4549296114746637 -0.3795933684220598 -0.17433734997622796 0.01392971737084192
-0.3795933684220598 -0.17433734997622796 0.01392971737084192 -0.3298591994331579
-0.17433734997622796 0.01392971737084192 -0.3298591994331579 -0.0861009198448337
0.01392971737084192 -0.3298591994331579 -0.0861009198448337 0.4912634893167178
-0.3298591994331579 -0.0861009198448337 0.4912634893167178 1.0418184467434033
