
500 1 1

0.20 1.79
0.20 1.72
0.26 -0.49
0.35 -2.91
0.88 -3.00
0.76 -0.53
0.06 2.12
0.03 1.11
0.45 -1.87
0.72 1.17
0.55 1.80
0.62 2.98
0.54 1.60
0.58 2.58
0.76 -0.55
0.55 1.83
0.57 2.39
0.48 -0.71
0.75 0.08
0.38 -2.98
0.71 1.45
0.65 2.90
0.34 -2.75
0.28 -1.16
0.95 -1.80
0.67 2.55
0.55 1.63
0.98 -0.72
0.18 2.37
0.29 -1.41
0.31 -2.02
0.48 -0.70
0.63 2.99
0.00 0.02
0.37 -2.98
0.33 -2.56
0.47 -1.27
0.59 2.77
0.98 -0.65
0.67 2.57
0.61 2.93
0.78 -1.16
0.30 -1.71
0.27 -0.89
0.47 -1.22
0.47 -1.20
0.28 -1.26
0.77 -0.83
0.58 2.57
0.81 -1.97
0.21 1.48
0.76 -0.32
0.81 -2.05
0.19 2.18
0.89 -2.95
0.09 2.72
0.15 2.88
0.39 -2.93
0.96 -1.57
0.79 -1.44
0.91 -2.74
0.80 -1.66
0.80 -1.86
1.00 -0.15
0.53 1.06
0.07 2.34
0.90 -2.81
0.21 1.35
0.96 -1.43
0.06 2.15
0.68 2.39
0.63 2.98
0.22 1.11
0.75 -0.15
0.18 2.38
0.69 2.16
0.40 -2.80
0.84 -2.68
0.42 -2.43
0.07 2.29
0.19 2.11
0.36 -2.97
0.35 -2.89
0.44 -2.06
0.58 2.46
0.04 1.40
0.97 -1.17
0.62 3.00
0.49 -0.27
0.25 -0.16
0.52 0.67
0.67 2.51
0.58 2.55
0.64 2.96
0.16 2.68
0.35 -2.83
0.47 -1.15
0.93 -2.25
0.90 -2.90
0.67 2.61
0.63 3.00
0.32 -2.31
0.23 0.71
0.88 -2.98
0.84 -2.70
0.88 -3.00
0.48 -0.78
0.01 0.24
0.32 -2.40
0.71 1.30
0.27 -0.80
0.16 2.65
0.40 -2.89
0.48 -0.59
0.36 -2.97
0.45 -1.82
0.72 1.06
0.38 -3.00
0.65 2.89
0.68 2.32
0.12 3.00
0.43 -2.36
0.71 1.31
0.33 -2.49
0.05 1.62
0.92 -2.57
0.33 -2.48
0.30 -1.76
0.88 -2.99
0.97 -1.07
0.56 2.19
0.59 2.70
0.44 -2.13
0.93 -2.21
0.51 0.55
0.85 -2.81
0.07 2.36
0.01 0.30
0.89 -2.91
0.78 -1.10
0.17 2.59
0.68 2.42
0.08 2.62
0.91 -2.72
0.84 -2.74
0.88 -2.99
0.66 2.70
0.62 2.99
0.09 2.66
0.58 2.54
0.70 1.86
0.62 3.00
0.78 -0.93
0.24 0.24
0.74 0.38
0.97 -1.13
0.33 -2.45
0.11 2.94
0.62 2.99
0.38 -3.00
0.16 2.64
0.53 1.03
0.97 -1.26
0.34 -2.72
0.48 -0.68
0.52 0.92
0.59 2.69
0.67 2.55
0.24 0.23
0.77 -0.73
0.70 1.70
0.23 0.64
0.81 -2.01
0.54 1.37
0.27 -0.67
0.61 2.97
0.02 0.89
0.86 -2.92
0.65 2.86
0.95 -1.70
0.16 2.69
0.97 -1.07
0.13 2.99
0.77 -0.69
0.60 2.80
0.47 -1.24
0.82 -2.20
0.72 0.95
0.70 1.78
0.86 -2.91
0.83 -2.58
0.31 -2.04
0.04 1.49
0.24 0.53
0.85 -2.90
0.22 1.17
0.59 2.77
0.62 3.00
0.36 -2.96
0.74 0.49
0.33 -2.43
0.95 -1.79
0.20 1.62
0.81 -2.15
0.26 -0.35
0.29 -1.42
0.59 2.72
0.61 2.94
0.79 -1.60
0.77 -0.76
0.72 1.04
0.22 0.99
0.85 -2.84
0.82 -2.24
0.98 -0.57
0.01 0.35
0.17 2.44
0.82 -2.25
0.75 -0.03
0.31 -1.98
0.02 0.86
0.03 1.22
0.58 2.45
0.74 0.46
0.17 2.43
0.61 2.91
0.82 -2.38
0.18 2.21
0.25 0.09
0.79 -1.47
0.50 -0.08
0.43 -2.40
0.10 2.88
0.15 2.87
0.42 -2.51
0.98 -0.70
0.12 2.99
0.27 -0.65
0.65 2.80
0.07 2.40
0.09 2.74
0.75 0.18
0.51 0.34
0.83 -2.50
0.48 -0.73
0.57 2.31
0.34 -2.70
0.71 1.54
0.85 -2.84
0.75 -0.12
0.76 -0.27
0.93 -2.24
0.32 -2.21
0.05 1.76
0.87 -3.00
0.15 2.86
0.02 0.89
0.86 -2.97
0.67 2.61
0.84 -2.77
0.70 1.76
0.99 -0.28
0.57 2.40
0.12 2.98
0.60 2.85
0.68 2.26
0.02 0.84
0.25 0.12
0.28 -1.24
0.59 2.73
0.61 2.97
0.11 2.92
0.92 -2.48
0.63 2.99
0.38 -2.99
0.89 -2.95
0.09 2.65
0.36 -2.94
0.62 2.98
0.82 -2.36
0.25 -0.00
0.49 -0.53
0.51 0.47
0.48 -0.73
0.59 2.67
0.40 -2.80
0.01 0.26
0.08 2.56
0.96 -1.59
0.04 1.41
0.02 0.58
0.67 2.46
0.38 -2.99
0.21 1.46
0.49 -0.52
0.45 -1.90
0.76 -0.27
0.73 0.79
0.52 0.81
0.46 -1.36
0.90 -2.91
0.84 -2.71
0.15 2.85
0.04 1.52
0.60 2.90
0.22 1.05
0.20 1.86
0.60 2.90
0.91 -2.74
0.73 0.59
0.10 2.88
0.30 -1.74
0.10 2.89
0.26 -0.34
0.47 -0.96
0.91 -2.71
0.91 -2.64
0.49 -0.33
0.61 2.92
0.56 2.09
0.61 2.91
0.30 -1.71
0.21 1.43
0.50 -0.07
0.54 1.46
0.31 -2.02
0.11 2.93
0.82 -2.35
0.35 -2.80
0.73 0.79
0.71 1.41
0.36 -2.96
0.55 1.70
0.99 -0.48
0.68 2.23
0.03 1.06
0.24 0.20
0.70 1.62
0.31 -2.01
0.86 -2.92
0.17 2.55
0.66 2.71
0.73 0.58
0.70 1.78
0.27 -0.83
0.87 -3.00
0.44 -2.00
0.93 -2.35
0.77 -0.87
0.66 2.76
0.00 0.05
0.81 -2.04
0.49 -0.41
0.54 1.28
0.43 -2.41
0.22 1.21
0.13 3.00
0.16 2.68
0.20 1.84
0.18 2.28
0.15 2.89
0.03 1.26
0.35 -2.87
0.35 -2.89
0.74 0.21
0.58 2.51
0.85 -2.82
0.84 -2.77
0.48 -0.77
0.39 -2.97
0.81 -2.01
0.06 2.02
0.09 2.68
0.76 -0.32
0.13 2.99
0.09 2.64
0.06 2.05
0.46 -1.58
0.37 -3.00
0.90 -2.85
0.62 2.99
0.50 0.19
0.81 -2.08
0.18 2.28
0.86 -2.94
0.21 1.56
0.05 1.71
0.78 -1.24
0.94 -1.95
0.02 0.56
0.55 1.87
1.00 -0.12
0.37 -3.00
0.81 -2.04
0.11 2.95
0.55 1.78
0.60 2.81
0.16 2.63
0.21 1.48
0.97 -1.18
0.46 -1.55
0.65 2.89
0.03 1.20
0.26 -0.38
0.15 2.88
0.80 -1.81
0.87 -3.00
0.16 2.78
0.75 -0.17
0.49 -0.24
0.44 -2.01
0.02 0.63
0.71 1.59
0.45 -1.73
0.79 -1.50
0.36 -2.97
0.82 -2.25
0.42 -2.57
0.30 -1.79
0.43 -2.25
0.03 1.20
0.10 2.88
0.42 -2.45
0.54 1.34
0.33 -2.62
0.18 2.37
0.75 -0.09
0.07 2.42
0.78 -1.11
0.98 -0.79
0.24 0.48
0.91 -2.75
0.07 2.42
0.15 2.83
0.31 -2.09
0.50 -0.04
0.61 2.93
0.45 -1.61
0.04 1.44
0.62 3.00
0.43 -2.36
0.10 2.85
0.36 -2.94
0.71 1.43
0.18 2.24
0.53 1.09
0.93 -2.32
0.82 -2.40
0.68 2.37
0.26 -0.51
0.12 3.00
0.16 2.79
0.32 -2.24
0.52 0.69
0.16 2.66
0.37 -3.00
0.38 -3.00
0.62 3.00
0.57 2.37
0.59 2.65
0.74 0.33
0.87 -2.99
0.52 0.83
0.76 -0.55
0.46 -1.35
0.32 -2.30
0.97 -1.12
0.40 -2.81
0.28 -1.04
0.27 -0.78
0.99 -0.48
0.86 -2.96
0.98 -0.61
0.54 1.49
0.93 -2.28
0.32 -2.27
0.41 -2.73
0.45 -1.77
0.79 -1.33
0.50 0.09
0.57 2.37
0.41 -2.72
0.28 -1.21
0.43 -2.30
0.49 -0.25
0.33 -2.63
0.14 2.96
0.14 2.92
0.04 1.44
0.64 2.95
0.09 2.72
0.08 2.48
0.15 2.88
0.48 -0.65
0.25 0.15
0.06 1.95
0.72 1.04
0.02 0.92
0.58 2.49
0.05 1.66

