
50 1 1

7.20 5.34
3.96 3.42
-2.33 -0.43
1.74 2.12
4.75 3.94
8.22 5.96
-2.63 -0.54
-6.97 -3.11
3.19 2.92
-1.12 0.29
5.88 4.55
-3.57 -1.09
2.15 2.27
-1.60 0.11
3.07 2.79
0.95 1.58
-8.26 -3.97
1.56 1.97
-9.98 -4.89
7.79 5.76
0.56 1.37
-1.42 0.08
-2.63 -0.59
-9.18 -4.58
-2.04 -0.16
-1.91 -0.21
3.23 2.84
5.25 4.12
-2.58 -0.64
2.99 2.84
-0.16 0.86
9.94 6.91
-7.56 -3.61
-3.11 -0.95
-7.05 -3.17
-5.63 -2.28
1.80 2.08
4.25 3.63
3.27 2.94
3.19 2.83
5.66 4.32
-8.04 -3.86
3.98 3.37
3.03 2.90
-0.73 0.52
5.27 4.23
-6.52 -2.95
-7.29 -3.33
-4.17 -1.41
-3.99 -1.49

