
50 1 1

10.40 2276.52
15.41 7375.26
10.01 2029.32
19.28 14382.10
11.68 3223.62
14.92 6699.10
12.78 4212.64
11.43 3020.25
14.12 5667.43
18.93 13631.48
17.10 10037.64
16.83 9593.99
18.19 12100.08
17.22 10261.52
17.87 11476.74
18.10 11910.51
14.15 5715.34
16.63 9254.05
11.11 2783.59
19.41 14691.45
19.24 14323.79
15.55 7569.02
17.52 10818.62
18.28 12273.22
16.74 9445.27
12.69 4122.71
10.01 2043.17
10.19 2153.57
18.91 13589.26
15.42 7388.96
13.28 4713.63
17.47 10717.29
18.46 12630.86
15.25 7143.35
16.35 8787.12
16.50 9050.20
15.52 7537.08
10.77 2534.30
11.45 3027.13
19.53 14959.22
19.82 15620.94
10.64 2432.56
14.91 6664.92
10.15 2119.39
19.94 15937.95
11.89 3389.34
18.54 12799.47
13.84 5355.75
14.48 6119.67
11.21 2861.34

