100 2 normal

7.54 3.18
0.84 9.36
7.36 2.12
10.05 10.83
7.30 2.73
2.28 1.17
10.93 11.56
0.69 3.08
2.42 1.05
0.79 9.79
2.95 0.21
7.35 3.58
0.53 2.13
3.30 0.68
11.43 10.20
0.15 8.57
0.96 8.15
7.95 2.59
2.58 0.38
0.07 2.95
6.39 2.94
7.52 2.22
0.92 9.84
1.77 3.80
10.22 11.61
2.32 0.95
6.73 2.89
0.26 2.94
0.80 2.04
1.79 8.45
1.52 3.72
2.71 0.13
1.29 8.97
0.78 2.94
3.94 0.37
7.28 3.02
11.50 10.01
6.15 3.65
0.16 9.42
2.14 0.08
1.62 2.01
0.45 9.83
0.87 9.19
3.11 0.34
3.87 0.03
10.34 11.64
10.90 11.18
7.95 3.48
3.34 0.61
1.66 8.70
0.72 2.66
0.77 9.64
3.23 0.78
0.99 8.09
2.94 1.97
0.09 3.34
7.80 2.79
2.47 0.06
1.25 2.86
11.63 11.70
10.91 11.81
10.74 10.18
3.15 1.62
6.86 2.89
0.31 9.20
2.67 0.24
0.32 3.51
10.08 10.21
1.46 2.10
1.31 3.06
0.86 8.47
1.84 3.37
6.22 3.87
10.49 11.19
3.08 1.97
6.66 3.63
11.19 11.12
7.14 3.66
0.24 8.14
10.94 11.09
0.52 3.92
11.80 11.86
10.63 10.36
11.56 10.35
6.67 2.67
3.46 1.33
11.17 11.08
1.70 8.96
1.10 9.80
10.53 11.91
7.66 2.25
0.60 3.52
10.05 11.23
7.81 2.14
0.44 9.86
1.28 9.07
0.51 2.84
2.92 0.22
7.25 2.01
0.46 3.36
