100 2 normal

46 14
34 17
32 47
32 16
43 34
43 4
29 25
24 37
17 24
23 39
31 33
34 14
15 21
34 34
39 25
31 15
25 21
25 19
33 16
33 9
35 21
38 26
15 19
30 25
23 16
33 34
34 7
33 46
45 29
36 4
34 18
25 35
37 34
15 18
20 15
20 25
33 46
47 8
27 34
47 12
22 25
39 25
34 22
46 14
28 24
35 45
24 36
24 36
25 19
15 20
45 32
40 25
37 38
34 14
44 33
20 15
41 35
35 28
24 17
28 15
31 15
36 4
31 15
23 24
38 34
29 47
27 16
47 10
45 31
29 25
47 10
35 19
19 25
40 25
30 33
30 25
39 3
18 25
27 34
44 32
37 16
20 15
38 25
45 30
36 27
46 13
27 16
33 9
23 40
22 16
36 37
24 17
36 33
15 20
26 46
40 3
44 33
21 25
43 16
39 17
